0 940 2
0 311 4
0 467 5
0 489 1
0 845 2
0 670 7
0 10 8
0 794 9
0 743 8
0 829 3
0 54 5
0 655 10
1 532 8
1 673 6
1 629 10
1 97 2
1 777 10
1 971 7
1 737 9
1 847 6
1 121 7
1 648 1
2 388 6
2 418 2
2 289 9
2 283 3
2 595 10
2 521 4
2 13 3
2 227 2
2 157 1
3 976 10
3 341 8
3 836 8
3 774 10
3 437 2
3 207 3
3 588 3
3 393 5
4 721 9
4 462 10
4 392 4
4 692 6
4 510 4
4 320 7
4 588 2
4 318 7
4 428 2
4 993 2
4 996 4
5 704 10
5 630 9
5 987 7
5 965 2
5 261 1
5 586 3
5 193 4
5 823 1
5 622 9
5 919 10
6 777 7
6 965 8
6 185 3
6 267 9
6 782 10
6 544 5
6 311 10
6 954 1
6 547 5
6 513 9
6 307 5
6 614 9
6 785 4
6 82 9
6 90 1
7 225 4
7 56 8
7 122 3
7 104 9
7 641 3
7 808 7
7 384 3
7 815 9
7 591 9
7 183 8
8 683 9
8 579 5
8 867 6
8 712 2
8 576 3
8 467 8
8 229 10
8 12 7
8 547 7
8 238 7
8 967 8
8 596 5
8 851 8
9 74 1
9 574 9
9 682 5
9 305 10
9 223 7
9 652 8
9 496 5
9 455 1
9 898 2
9 485 10
9 645 4
9 46 7
9 117 8
9 548 1
9 825 6
9 306 10
9 992 5
10 569 7
10 108 7
10 678 8
10 206 10
10 688 10
10 772 8
11 965 7
11 586 9
11 718 4
11 271 7
11 658 6
11 972 5
11 649 2
11 217 1
11 137 8
11 797 2
12 869 4
12 893 4
12 17 2
12 394 9
12 910 10
12 122 5
12 883 3
12 124 7
12 894 10
12 721 1
12 848 3
12 259 7
12 295 10
12 69 2
12 771 5
12 381 9
13 827 2
13 55 9
13 72 5
13 147 4
13 183 1
14 725 9
14 565 6
14 270 1
14 190 9
14 69 2
14 913 8
14 351 8
14 759 1
14 133 4
14 747 6
14 781 1
15 856 3
15 739 5
15 366 10
15 930 4
15 530 10
15 505 2
15 332 5
15 947 8
15 981 8
16 331 10
16 548 4
16 765 5
16 910 9
16 267 5
16 499 10
16 322 8
16 127 8
16 111 10
16 610 6
16 147 4
16 989 1
16 161 3
16 92 6
17 95 8
17 835 1
17 293 8
17 601 7
17 398 4
17 865 3
17 491 9
18 370 9
18 195 2
18 669 5
18 684 6
18 355 6
19 500 5
19 481 10
19 446 7
19 262 7
19 195 4
19 813 10
19 413 10
19 869 3
19 652 3
19 328 2
19 634 8
19 110 8
19 213 8
19 456 2
19 669 7
19 793 4
20 712 3
20 636 9
20 567 3
20 539 7
20 326 6
20 345 2
20 885 8
20 49 9
20 352 3
21 346 3
21 973 3
21 994 9
21 414 3
21 197 4
21 660 10
22 302 4
22 740 4
22 66 1
22 60 8
22 603 8
22 420 4
22 190 6
22 790 4
22 729 7
22 64 3
23 509 9
23 305 1
23 117 8
23 128 9
23 339 10
23 319 3
23 642 1
23 85 4
24 228 1
24 419 9
24 157 2
24 788 3
24 476 4
24 34 3
24 999 6
25 759 5
25 422 2
25 47 2
25 634 7
25 494 5
25 390 8
25 289 3
25 461 10
25 818 3
25 197 1
25 942 6
25 315 5
26 951 5
26 256 9
26 134 8
26 623 6
26 116 1
26 505 2
26 91 10
26 326 3
26 99 9
26 738 4
26 789 6
26 780 9
26 703 2
27 574 9
27 546 8
27 678 5
27 424 4
27 644 3
27 975 4
27 868 2
27 639 5
27 810 4
28 961 9
28 229 1
28 720 1
28 291 9
28 493 9
29 398 7
29 344 6
29 996 1
29 47 1
29 273 2
29 884 10
29 405 8
29 177 7
29 626 5
29 174 7
29 983 4
29 133 6
29 804 5
29 250 1
29 762 9
29 92 1
30 95 9
30 334 3
30 343 6
30 508 6
30 917 7
30 966 7
30 783 7
30 66 1
31 772 3
31 987 8
31 93 5
31 975 4
31 509 6
31 814 9
31 178 2
31 721 6
31 247 1
31 676 8
31 832 8
31 860 9
31 240 2
32 432 5
32 824 3
32 927 3
32 248 6
32 293 1
32 828 10
32 95 8
32 810 3
32 894 3
32 101 8
32 278 2
32 130 2
33 298 10
33 286 8
33 580 6
33 183 2
33 299 8
33 460 10
33 186 2
33 255 7
33 554 7
33 514 7
33 418 6
33 874 5
33 882 4
33 303 1
33 812 9
34 593 8
34 608 10
34 859 9
34 301 5
34 199 2
34 755 3
34 38 5
34 516 1
35 129 5
35 152 9
35 731 5
35 679 1
35 291 8
35 105 9
35 724 8
36 854 4
36 554 8
36 878 2
36 754 9
36 422 3
36 690 2
36 95 8
36 661 7
36 171 7
36 143 4
37 563 3
37 987 6
37 468 1
37 771 10
37 856 8
37 556 6
37 928 10
37 148 7
37 741 6
37 347 5
37 753 3
38 968 2
38 462 9
38 539 6
38 935 4
38 897 3
38 92 4
38 176 7
38 546 2
38 811 6
38 339 8
38 741 4
38 471 10
38 307 4
38 803 5
38 955 6
38 708 9
39 879 9
39 111 6
39 293 10
39 140 1
39 405 4
39 898 1
39 805 5
40 608 5
40 920 3
40 910 9
40 316 1
40 176 7
40 894 3
40 944 4
40 561 2
40 872 7
40 158 8
40 981 8
40 47 9
40 524 2
40 253 4
40 752 5
40 990 4
41 667 1
41 590 9
41 46 3
41 220 3
41 386 3
41 367 9
41 751 1
41 595 5
41 481 2
41 633 3
41 921 10
41 739 10
42 315 2
42 355 7
42 460 5
42 323 8
42 845 9
42 774 5
42 126 9
42 326 8
42 622 10
42 99 5
42 324 8
43 759 7
43 744 2
43 297 1
43 235 8
43 125 10
43 129 10
43 684 6
43 980 8
43 762 8
43 595 3
43 898 3
43 415 4
43 842 5
43 441 3
44 826 2
44 420 2
44 744 4
44 481 6
44 810 1
44 95 1
44 303 3
44 249 5
44 714 3
44 68 8
44 539 7
44 389 2
44 55 5
44 106 8
44 67 9
45 283 6
45 260 7
45 136 3
45 411 10
45 576 2
45 307 4
45 879 1
45 456 2
45 946 6
45 954 1
45 427 8
46 677 9
46 280 3
46 143 8
46 225 10
46 83 10
46 410 5
46 433 1
46 576 6
46 843 1
46 918 4
46 599 1
46 341 5
46 248 1
46 607 5
47 946 9
47 101 9
47 250 7
47 976 7
47 451 3
47 424 7
47 105 4
48 881 4
48 124 4
48 886 7
48 995 3
48 948 10
48 407 1
48 151 6
49 51 3
49 893 8
49 684 8
49 780 10
49 395 6
49 638 8
49 608 6
49 566 10
49 296 8
50 996 2
50 632 10
50 525 1
50 98 5
50 243 4
50 395 10
50 155 7
50 262 5
50 763 10
50 194 10
50 189 5
50 111 6
51 100 5
51 58 4
51 475 3
51 186 8
51 805 10
51 99 7
51 248 7
51 172 7
51 467 5
51 284 5
51 689 1
51 454 3
51 691 4
51 926 8
52 866 6
52 258 1
52 208 9
52 738 7
52 583 3
52 597 7
52 274 7
52 792 7
52 729 2
52 586 9
52 909 9
53 974 10
53 129 6
53 159 1
53 808 1
53 256 8
53 102 1
53 405 8
53 923 8
53 723 5
53 908 9
53 118 10
53 758 10
54 155 4
54 405 5
54 354 6
54 886 8
54 103 7
54 481 5
54 148 6
54 277 1
54 925 10
54 283 8
54 279 1
55 746 8
55 997 3
55 192 2
55 661 4
55 369 1
55 891 6
55 627 2
55 836 1
55 182 7
55 872 9
55 131 1
55 561 2
55 391 6
55 248 1
55 706 6
55 88 10
55 353 3
55 496 3
55 64 2
56 889 6
56 828 6
56 623 6
56 368 2
56 151 1
56 647 6
56 527 7
56 622 1
57 794 2
57 300 10
57 360 7
57 487 3
57 754 10
57 238 4
57 840 3
57 686 1
57 150 9
57 272 10
57 943 5
57 855 8
57 345 9
57 966 9
58 161 8
58 377 10
58 970 4
58 921 8
58 968 2
58 961 1
59 246 2
59 991 5
59 572 3
59 575 9
59 250 8
59 287 4
59 857 3
59 649 10
59 725 1
59 111 6
59 595 6
60 646 10
60 168 1
60 929 1
60 536 6
60 583 9
60 940 10
60 965 1
60 607 4
61 635 7
61 73 2
61 569 6
61 705 7
61 957 4
61 382 7
61 971 8
61 984 1
61 167 6
61 290 5
61 340 10
61 287 7
62 412 3
62 555 10
62 407 5
62 490 9
62 281 1
62 566 6
62 369 7
62 92 8
62 266 5
63 425 1
63 980 2
63 744 10
63 241 2
63 848 3
63 581 6
63 850 5
63 154 10
63 707 5
63 831 3
63 301 7
63 795 4
64 650 6
64 113 1
64 733 5
64 171 10
64 815 9
64 870 2
64 267 7
64 633 5
64 270 10
64 738 1
64 398 5
64 225 9
64 123 3
65 394 1
65 230 9
65 424 5
65 763 3
65 554 4
65 269 4
65 493 9
65 959 1
65 605 6
66 841 7
66 563 2
66 171 7
66 299 10
66 172 5
67 274 8
67 151 6
67 342 3
67 88 2
67 317 3
67 162 10
67 215 2
67 209 9
67 992 5
67 393 8
67 192 2
67 955 9
68 93 4
68 241 2
68 103 3
68 326 3
68 89 10
68 256 4
68 397 4
68 574 7
68 993 10
69 234 4
69 609 2
69 480 6
69 369 3
69 353 8
69 236 10
69 709 3
69 805 2
69 391 3
69 570 8
69 839 3
69 315 2
69 101 4
70 778 2
70 190 4
70 902 3
70 665 10
70 518 8
70 632 2
70 849 3
70 915 1
70 838 9
70 543 10
70 410 3
70 604 2
70 941 2
70 186 7
71 721 7
71 990 5
71 971 2
71 282 8
71 410 10
71 634 5
71 415 2
71 503 6
71 804 9
71 916 7
72 724 8
72 526 2
72 464 10
72 234 4
72 540 9
72 483 2
72 571 3
72 854 10
72 318 7
72 665 1
72 74 10
72 118 4
72 394 9
73 623 5
73 362 9
73 962 5
73 81 7
73 556 9
73 272 5
73 663 5
73 947 10
74 786 7
74 464 5
74 592 9
74 192 6
74 788 9
74 382 4
74 366 8
74 562 7
74 515 6
75 550 5
75 590 8
75 452 4
75 454 7
75 519 5
75 873 1
75 588 1
75 460 10
75 295 3
75 730 4
75 386 4
75 462 4
75 107 10
75 89 7
75 283 10
75 225 3
76 160 8
76 480 7
76 687 6
76 867 6
76 700 8
76 606 2
76 966 6
76 832 9
76 560 2
76 523 5
76 169 7
76 699 7
77 453 3
77 114 7
77 606 7
77 144 3
77 181 8
77 348 8
77 648 7
77 913 8
77 350 9
77 654 7
78 522 2
78 660 9
78 781 3
78 306 6
78 369 6
78 508 4
78 744 8
78 235 2
78 517 7
78 979 2
78 526 2
78 938 10
79 730 10
79 882 5
79 158 3
79 939 10
79 135 1
79 585 7
79 763 6
79 529 6
79 311 7
79 751 10
79 685 8
79 700 5
79 114 2
80 387 6
80 969 2
80 179 8
80 405 6
80 434 6
80 256 2
80 731 9
80 944 5
80 382 5
80 512 4
80 317 6
80 404 1
80 433 7
80 470 8
80 692 3
80 910 2
80 798 10
80 546 3
80 535 7
80 133 6
81 296 4
81 927 9
81 335 1
81 623 1
81 215 8
81 432 9
81 479 3
81 367 3
81 615 9
81 707 7
82 871 10
82 553 5
82 612 6
82 872 2
82 920 3
82 384 3
82 868 3
82 499 5
82 338 7
82 861 4
82 635 10
82 400 8
83 634 2
83 854 2
83 676 10
83 690 1
83 596 10
83 383 2
83 538 3
83 484 7
83 621 1
84 744 10
84 511 4
84 274 9
84 578 6
84 380 6
84 655 5
84 526 6
84 344 8
84 129 7
84 335 10
85 658 4
85 291 2
85 284 1
85 879 9
85 783 8
85 571 7
86 290 4
86 904 5
86 731 4
86 317 2
86 742 6
86 604 9
86 660 9
86 594 6
86 670 9
86 139 3
86 351 1
86 906 3
87 749 9
87 195 9
87 311 4
87 851 9
87 684 2
87 790 6
87 111 7
87 984 5
87 969 1
87 268 6
87 873 4
87 371 6
87 692 4
88 957 4
88 410 1
88 222 8
88 946 4
88 566 1
88 288 7
88 282 10
88 423 4
88 876 1
88 421 7
88 147 9
89 604 1
89 455 7
89 135 7
89 449 9
89 286 1
89 301 1
89 747 5
89 942 5
89 495 4
89 341 2
89 468 2
89 999 2
89 574 6
90 465 4
90 370 10
90 986 7
90 132 10
90 877 2
90 445 9
90 190 10
90 251 1
90 642 3
91 787 10
91 392 5
91 661 8
91 227 5
91 687 6
91 452 6
91 254 4
91 115 8
91 352 3
91 948 8
92 764 9
92 134 10
92 374 6
92 629 7
92 967 3
92 122 1
92 705 8
92 798 3
92 406 7
92 562 7
92 154 7
92 227 9
92 462 6
92 465 7
93 773 9
93 234 4
93 481 5
93 678 6
93 447 10
93 920 2
93 109 2
93 720 2
93 728 2
93 657 6
93 810 3
93 843 8
93 702 4
93 126 7
94 389 2
94 649 3
94 379 3
94 926 6
94 357 1
94 584 2
94 935 6
94 634 2
94 334 8
95 992 10
95 343 5
95 417 2
95 442 9
95 539 10
95 514 7
95 611 10
95 787 7
95 748 10
95 670 5
95 346 10
95 381 4
95 120 5
95 294 7
95 134 5
96 194 10
96 337 6
96 473 3
96 533 6
96 158 7
96 783 1
97 320 4
97 685 10
97 916 1
97 138 2
97 517 5
97 871 3
97 443 8
97 105 1
97 929 10
97 542 8
98 762 1
98 940 2
98 970 2
98 181 9
98 460 8
98 113 1
98 371 3
98 801 8
99 367 2
99 674 7
99 925 8
99 118 9
99 998 3
99 487 8
99 683 2
99 482 3
99 116 6
99 103 1
99 479 2
99 841 10
99 812 8
100 661 5
100 444 2
100 822 2
100 447 8
100 264 9
100 995 4
100 202 9
100 435 9
100 892 8
100 261 9
100 421 4
100 242 4
100 463 4
101 757 6
101 670 10
101 371 1
101 812 10
101 859 5
101 707 3
101 726 6
101 742 10
102 576 5
102 852 10
102 895 3
102 538 7
102 454 8
102 697 6
102 918 7
102 163 6
102 962 1
102 832 3
102 291 2
102 165 3
102 738 5
102 136 5
103 887 5
103 807 5
103 600 5
103 384 6
103 804 4
103 677 4
103 926 2
103 333 6
104 754 2
104 344 2
104 713 3
104 276 4
104 591 10
104 753 4
104 105 5
104 823 6
104 463 8
104 995 2
104 526 7
104 166 7
104 759 8
105 682 8
105 502 2
105 149 2
105 461 5
105 728 7
105 328 1
105 417 2
105 915 8
105 132 10
105 413 6
105 720 9
105 415 4
106 679 9
106 360 2
106 790 6
106 210 7
106 579 3
106 426 4
106 131 4
106 268 9
106 904 7
106 537 5
107 686 5
107 302 2
107 523 2
107 688 9
108 891 7
108 501 4
108 249 4
108 575 3
108 159 8
108 947 7
108 509 7
108 718 7
108 296 5
108 784 4
108 392 9
108 658 7
108 116 7
109 760 4
109 906 8
109 242 10
109 950 2
109 183 5
109 138 5
109 260 5
109 535 10
109 370 2
109 572 8
109 797 8
109 128 2
109 206 5
109 192 10
109 815 10
109 917 8
109 185 5
110 718 8
110 592 4
110 691 6
110 502 3
110 358 9
110 441 5
110 805 10
110 700 4
110 677 9
110 775 6
110 201 7
110 465 2
111 254 7
111 462 10
111 140 3
111 663 6
111 598 8
111 564 9
111 533 7
111 612 5
111 503 9
111 168 4
112 156 3
112 178 10
112 689 4
112 717 6
112 881 8
112 797 6
112 477 6
113 440 10
113 433 9
113 866 5
113 928 2
113 652 6
113 312 3
113 712 5
113 139 1
113 392 6
114 654 5
114 348 10
114 951 8
114 577 9
114 383 7
114 618 3
114 282 3
115 338 1
115 783 3
115 586 9
115 395 8
115 429 6
115 135 8
115 499 9
115 241 9
115 757 6
115 184 7
115 486 5
115 594 1
115 198 5
115 705 3
115 779 2
116 489 4
116 934 8
116 538 7
116 353 3
116 648 3
116 954 2
116 268 3
116 356 10
116 274 7
116 803 9
116 187 9
116 967 3
116 493 6
116 723 2
116 702 8
116 552 5
116 821 8
117 698 6
117 685 6
117 796 2
117 435 8
117 823 6
117 718 9
117 376 10
117 296 7
117 198 7
117 280 9
117 606 2
118 911 7
118 898 5
118 523 10
118 331 5
118 851 9
118 444 8
118 740 9
118 864 6
118 706 7
118 756 1
118 779 3
118 534 4
118 505 5
119 418 6
119 696 8
119 187 4
119 969 10
119 264 8
119 609 6
119 243 5
119 564 5
119 838 4
120 663 2
120 575 4
120 706 5
120 759 4
120 320 1
120 886 9
120 907 5
120 871 4
120 289 3
120 532 9
120 920 7
120 755 1
120 279 9
120 196 2
121 254 3
121 131 5
121 683 10
121 356 1
121 323 9
121 689 7
121 836 3
121 675 8
121 736 9
121 216 2
121 834 5
121 480 8
122 964 7
122 760 9
122 381 6
122 512 6
122 526 4
122 942 5
122 405 6
122 980 2
122 783 8
122 837 9
122 146 10
123 253 5
123 815 10
123 738 8
123 880 8
123 416 3
123 150 1
123 192 2
123 715 3
123 888 1
123 999 5
124 467 3
124 496 7
124 205 8
124 294 8
124 421 5
124 997 8
124 711 7
124 725 7
124 493 2
124 308 7
125 991 5
125 420 1
125 138 2
125 477 5
125 533 6
125 849 1
125 238 7
125 256 10
126 549 1
126 603 8
126 697 9
126 375 8
126 389 6
126 602 8
126 942 3
126 321 1
127 549 6
127 868 9
127 479 9
127 871 8
127 279 7
127 851 10
127 483 5
128 131 4
128 805 7
128 995 7
128 281 3
128 732 5
128 686 2
128 214 5
129 484 10
129 546 4
129 653 9
129 514 6
129 281 7
129 671 3
129 767 6
129 134 2
129 211 9
129 588 5
130 440 3
130 196 10
130 637 4
130 686 9
130 745 2
130 301 8
130 587 2
130 520 10
130 872 2
131 899 10
131 828 9
131 758 10
131 687 6
131 227 1
132 389 7
132 609 4
132 564 4
132 443 3
132 182 3
132 949 2
133 789 9
133 553 8
133 831 8
133 778 7
133 579 10
133 987 4
133 202 2
133 825 10
133 913 2
133 164 5
133 923 7
133 714 5
133 619 9
134 405 3
134 949 3
134 632 6
134 744 10
134 585 8
134 555 5
134 189 8
134 983 9
134 945 5
135 740 6
135 271 1
135 205 1
135 464 9
135 255 8
135 931 10
135 489 3
135 324 7
135 933 1
135 727 9
135 394 8
135 151 9
135 210 6
135 630 2
135 223 10
135 485 3
135 919 10
136 820 4
136 980 4
136 552 7
136 656 1
136 652 8
136 824 8
137 270 7
137 903 4
137 961 5
137 542 8
137 688 9
137 307 3
137 350 1
137 986 1
137 695 1
137 475 10
137 644 4
137 260 9
137 511 9
137 256 6
137 488 8
137 482 9
138 438 2
138 550 10
138 830 6
138 787 8
138 799 10
138 992 2
138 530 7
138 780 6
138 440 2
138 402 3
138 709 7
139 884 3
139 307 2
139 199 2
139 207 3
139 330 3
139 764 5
139 352 4
139 296 4
139 493 2
139 468 7
139 532 7
140 643 4
140 785 2
140 231 4
140 149 6
140 587 4
140 789 2
140 422 4
140 391 10
140 724 6
140 392 6
140 205 9
140 428 3
140 672 9
140 167 7
140 657 8
140 558 3
140 204 1
140 530 9
141 224 5
141 154 3
141 893 1
141 722 7
141 610 7
141 872 5
141 422 5
141 753 2
141 271 6
141 594 8
141 883 10
141 790 3
141 209 9
142 228 9
142 271 9
142 851 8
142 811 10
142 275 9
142 648 8
142 803 3
142 903 6
142 908 10
142 192 8
142 694 9
142 855 1
142 836 7
143 432 8
143 335 10
143 189 5
143 515 8
143 737 9
143 809 3
143 191 4
143 770 6
143 810 7
143 812 6
143 697 2
143 841 9
143 912 10
143 526 6
144 679 5
144 253 6
144 523 10
144 339 9
144 568 3
144 747 1
144 965 4
144 500 8
144 280 7
145 846 7
145 758 3
145 356 6
145 591 5
145 995 9
145 577 2
145 792 6
145 524 1
145 474 10
145 747 3
145 704 7
146 469 9
146 597 9
146 890 8
146 869 7
146 676 9
146 693 10
146 323 1
146 615 3
146 787 1
146 655 10
147 419 10
147 735 7
147 320 3
147 203 9
147 825 8
147 601 2
147 633 3
147 305 8
147 229 10
147 553 2
148 392 10
148 879 2
148 482 9
148 889 2
148 788 5
148 990 7
148 543 8
148 221 5
148 970 10
149 441 1
149 823 1
149 759 3
149 504 2
149 728 10
149 859 4
149 990 8
149 819 9
149 974 5
149 451 10
149 744 2
149 327 8
149 866 5
150 203 9
150 850 6
150 775 10
150 818 4
150 786 8
151 565 4
151 671 1
151 807 6
151 241 6
151 389 6
151 335 1
151 600 8
151 642 9
151 580 3
151 948 5
151 713 8
151 352 7
151 733 3
152 558 8
152 830 1
152 663 2
152 457 7
152 620 4
152 418 10
152 536 2
152 972 1
152 394 7
152 374 6
152 287 2
152 161 6
152 676 10
152 668 5
152 758 9
152 815 5
152 968 4
153 341 8
153 561 6
153 168 9
153 183 10
153 424 7
153 529 3
153 191 8
153 620 1
153 484 5
153 334 9
153 166 5
154 450 7
154 513 5
154 724 10
154 353 2
154 251 7
154 874 10
154 674 7
154 508 2
155 507 1
155 428 6
155 766 9
155 349 4
155 797 1
155 272 1
156 203 1
156 710 10
156 244 10
156 445 6
156 703 1
156 778 3
156 530 3
156 489 6
156 302 6
156 630 4
156 210 9
156 598 2
156 226 3
156 436 2
157 852 3
157 166 7
157 619 10
157 594 3
157 389 9
157 649 3
157 732 7
157 502 5
157 950 1
157 718 5
157 564 8
157 512 6
157 427 1
157 841 9
157 165 3
158 194 8
158 767 3
158 993 7
158 744 4
158 217 2
158 282 10
158 436 9
158 610 10
158 460 10
158 223 5
159 220 5
159 566 3
159 827 5
159 364 8
159 632 5
159 310 10
159 382 3
159 642 7
159 327 3
160 245 4
160 444 3
160 956 9
160 485 6
160 762 1
160 618 6
161 464 7
161 448 9
161 559 2
161 349 4
161 772 2
161 871 10
161 450 4
161 416 9
161 451 5
161 376 1
161 826 2
161 999 1
161 370 7
161 511 9
161 546 9
161 325 9
161 180 2
162 918 3
162 726 6
162 624 4
162 309 8
162 782 10
162 330 3
162 561 4
163 825 8
163 642 10
163 806 6
163 695 9
163 833 7
163 781 3
163 415 4
163 565 6
163 864 3
163 517 9
163 456 4
163 972 9
163 180 4
164 878 2
164 781 1
164 749 9
164 302 8
164 293 5
164 188 7
164 606 10
164 398 4
164 567 3
164 946 9
164 360 8
165 552 4
165 759 8
165 989 7
165 330 2
165 604 3
165 351 4
165 688 6
165 799 2
165 312 6
166 379 9
166 999 6
166 326 6
166 748 3
166 577 1
166 230 6
166 874 6
166 546 6
166 265 1
167 250 10
167 838 10
167 508 10
167 857 5
167 255 3
167 815 5
167 295 5
167 365 3
168 263 10
168 311 2
168 952 2
168 450 8
168 460 9
168 669 5
168 192 3
168 504 3
168 449 8
169 271 8
169 860 4
169 811 6
169 924 8
169 630 3
169 664 3
169 775 9
169 450 7
169 862 7
170 416 3
170 710 7
170 436 3
170 363 1
170 568 8
170 380 3
170 580 8
170 905 3
170 816 6
170 264 6
170 406 8
170 811 8
170 472 5
170 633 6
171 620 2
171 500 4
171 327 3
171 971 3
171 994 10
171 270 5
171 655 8
171 423 10
171 813 8
171 652 10
171 475 1
171 556 6
172 797 4
172 656 7
172 471 3
172 799 8
172 551 4
172 590 9
172 438 1
172 713 8
173 674 6
173 360 4
173 701 10
173 389 9
173 516 10
173 629 6
173 312 4
173 592 3
174 184 7
174 491 8
174 350 3
174 211 10
174 865 2
174 336 4
174 224 9
174 261 8
174 786 8
174 289 6
174 855 10
174 591 9
175 650 2
175 820 3
175 674 2
175 719 9
175 250 5
175 778 6
175 808 9
175 923 5
176 462 2
176 833 6
176 781 6
176 436 4
176 647 7
176 350 2
177 565 8
177 616 5
177 470 4
177 953 8
177 865 10
177 459 2
177 662 9
177 592 5
177 752 1
177 499 9
177 678 8
177 486 6
177 343 2
178 924 4
178 271 2
178 653 5
178 528 1
178 324 3
178 895 3
178 583 1
178 794 8
178 551 5
178 931 4
178 625 9
179 481 7
179 425 8
179 440 3
179 658 6
179 943 9
179 625 1
179 641 4
179 758 5
179 502 4
179 834 5
179 661 8
179 655 7
179 267 3
179 852 1
179 309 9
179 827 10
179 663 4
179 996 3
179 424 5
180 224 5
180 751 10
180 857 7
180 242 4
180 431 3
180 455 7
180 567 9
181 902 1
181 321 10
181 940 6
181 746 2
181 983 1
181 320 4
181 708 3
181 459 2
181 552 10
181 949 3
181 575 10
182 780 4
182 594 2
182 550 6
182 981 2
182 487 7
182 426 10
182 451 7
182 660 4
182 465 9
183 754 9
183 309 3
183 228 7
183 579 8
183 379 1
183 571 5
183 464 10
183 787 7
183 721 1
183 919 10
183 427 7
184 279 4
184 973 7
184 842 6
184 418 3
184 698 3
184 276 9
184 797 10
184 944 6
184 461 8
184 563 8
184 827 2
184 638 9
184 706 8
184 610 9
185 284 3
185 851 3
185 300 3
185 448 10
185 687 1
185 481 6
185 641 8
185 496 2
186 332 8
186 646 6
186 601 1
186 638 7
186 292 10
187 285 1
187 969 4
187 502 8
187 401 4
187 643 6
188 988 1
188 772 10
188 938 5
188 644 5
188 533 5
188 510 9
188 874 4
188 325 9
188 382 5
188 259 10
188 378 3
189 196 8
189 379 6
189 904 3
189 917 7
189 415 7
189 204 9
189 450 5
190 753 10
190 507 8
190 442 2
190 655 9
190 433 10
190 231 5
190 852 9
191 680 7
191 508 2
191 441 7
191 549 9
191 930 10
191 378 1
191 985 9
191 561 4
191 556 4
191 398 6
192 329 8
192 856 10
192 452 3
192 305 7
192 873 7
192 503 1
192 851 3
193 714 3
193 959 5
193 765 5
193 421 3
193 298 8
193 877 7
194 196 5
194 590 1
194 635 5
194 282 7
194 320 8
194 985 3
194 997 8
194 351 2
194 510 8
194 580 6
194 396 5
194 197 9
194 348 6
194 752 2
195 943 8
195 662 2
195 849 8
195 800 8
195 356 3
195 306 2
196 591 2
196 497 4
196 980 6
196 246 10
196 917 10
196 732 1
197 675 8
197 323 4
197 828 9
197 775 2
197 827 9
197 896 10
197 328 2
197 231 4
197 293 9
197 257 2
198 303 1
198 927 1
198 376 9
198 301 2
198 921 9
198 297 3
198 338 5
198 737 3
198 784 1
199 589 7
199 575 3
199 910 1
199 465 5
199 532 10
199 656 4
199 502 7
200 337 10
200 468 3
200 750 5
200 625 10
200 390 9
200 585 6
200 457 10
200 284 10
201 686 5
201 650 5
201 468 5
201 794 4
201 551 1
202 956 8
202 262 10
202 904 5
202 924 6
202 499 6
202 837 8
203 733 9
203 732 3
203 393 3
203 721 9
203 623 2
203 620 7
203 471 5
203 369 10
203 512 4
203 765 1
203 346 5
204 836 10
204 859 3
204 907 2
204 502 4
204 666 9
204 577 6
204 429 4
204 491 7
204 748 5
204 796 4
204 273 10
204 754 8
204 701 1
204 890 10
205 706 4
205 490 8
205 377 4
205 852 1
205 222 9
205 600 5
205 808 5
205 328 2
205 950 3
205 609 4
206 300 4
206 847 2
206 628 9
206 842 8
206 366 6
206 903 4
206 655 1
206 796 10
207 517 4
207 705 10
207 635 7
207 535 5
207 234 2
207 819 6
207 775 5
207 663 1
207 823 10
207 343 10
208 703 1
208 475 1
208 420 8
208 261 1
208 379 9
208 997 1
208 771 7
208 423 7
208 559 6
209 685 7
209 308 8
209 406 2
209 895 9
210 578 9
210 734 2
210 219 7
210 530 8
210 339 3
210 670 6
210 697 6
210 575 7
210 616 9
211 852 6
211 246 9
211 533 6
211 833 2
211 824 6
211 693 10
211 670 8
211 530 8
211 271 5
211 668 1
211 555 8
212 640 5
212 600 5
212 531 2
212 721 5
212 984 9
212 462 5
212 704 3
212 845 5
212 868 8
212 813 3
212 310 6
213 890 5
213 681 4
213 671 6
213 348 2
213 675 9
214 363 9
214 448 8
214 242 1
214 255 3
214 280 7
214 639 8
214 757 5
214 712 1
214 626 7
214 913 9
214 291 9
214 719 6
215 619 4
215 366 4
215 293 9
215 785 5
215 312 5
215 490 1
215 690 9
215 434 7
215 591 10
216 935 5
216 987 9
216 335 7
216 270 7
216 968 1
216 959 4
216 922 9
216 844 7
216 995 8
216 751 2
216 352 4
216 287 5
216 550 1
216 678 6
217 322 8
217 499 8
217 657 5
217 604 7
218 885 4
218 518 3
218 523 10
218 488 9
218 643 10
218 679 5
218 792 8
218 782 8
219 552 1
219 723 1
219 349 5
219 456 8
219 490 9
219 362 10
219 988 7
219 520 4
219 558 2
219 227 7
219 946 8
219 526 5
220 440 9
220 385 7
220 279 8
220 855 9
220 246 1
220 268 8
220 402 8
220 833 2
220 745 6
221 756 7
221 832 5
221 459 5
221 967 5
221 537 10
221 605 3
222 303 10
222 454 6
222 552 7
222 490 9
222 350 8
222 939 2
222 243 7
222 836 4
222 973 6
222 541 10
223 238 1
223 476 10
223 780 5
223 763 10
223 435 9
223 407 5
223 258 2
223 973 9
223 915 9
223 996 10
223 628 9
224 570 7
224 279 1
224 651 10
224 226 4
224 611 9
224 589 3
224 616 7
224 779 7
224 359 4
224 475 9
225 459 8
225 499 4
225 779 3
225 979 4
225 546 7
225 693 2
225 269 2
225 351 6
225 861 5
226 301 4
226 663 5
226 515 9
226 341 8
226 533 1
226 884 8
226 456 8
226 654 8
226 877 2
226 904 5
226 631 9
226 729 3
226 375 2
227 481 5
227 836 10
227 522 10
227 799 8
227 702 3
227 379 7
227 407 5
227 422 8
227 913 3
227 800 6
228 854 7
228 365 5
228 363 3
228 519 1
228 864 5
228 401 10
228 528 6
229 358 10
229 867 10
229 520 4
229 429 9
229 233 5
229 978 5
229 760 10
229 474 3
230 825 9
230 557 8
230 861 3
230 354 5
230 964 10
230 307 4
230 281 10
230 662 9
230 933 5
230 286 4
230 779 9
231 633 7
231 880 9
231 587 4
231 543 2
231 307 6
231 607 5
231 857 2
231 254 10
231 283 5
231 553 6
231 567 2
232 369 8
232 294 3
232 603 1
232 824 6
232 765 6
232 427 1
232 266 7
232 314 2
233 791 7
233 892 1
233 423 1
233 738 6
233 502 3
233 758 4
233 889 3
233 932 7
233 321 2
233 333 7
233 417 1
234 841 5
234 960 10
234 833 5
234 253 3
235 602 9
235 621 1
235 512 6
235 253 4
235 388 6
235 676 7
235 387 4
235 765 8
235 718 9
235 333 8
235 875 8
236 392 9
236 257 2
236 467 2
236 611 7
236 742 10
236 395 8
236 610 5
236 237 7
236 643 1
237 295 6
237 472 2
237 547 3
237 858 6
237 473 4
237 943 4
237 499 8
237 715 9
237 970 7
237 854 3
238 875 6
238 890 1
238 653 10
238 554 4
238 997 10
238 931 9
238 499 4
238 262 8
238 725 3
238 593 4
239 703 7
239 392 7
239 482 5
239 546 1
239 449 7
239 296 7
239 773 7
239 278 2
239 378 8
239 837 10
239 545 5
240 413 5
240 769 7
240 292 8
240 646 9
240 908 4
240 338 4
240 836 6
240 671 4
240 753 7
240 745 9
240 916 8
241 875 3
241 395 4
241 392 5
241 902 1
241 568 6
241 309 5
241 710 6
241 717 2
241 571 1
242 869 3
242 885 8
242 809 1
242 328 8
242 298 4
242 269 1
242 748 9
243 285 10
243 602 3
243 736 6
243 308 5
243 542 2
243 355 7
243 304 6
243 398 2
243 380 10
243 676 2
244 271 1
244 641 7
244 585 1
244 316 2
244 429 4
244 312 6
244 866 5
244 868 5
244 368 3
244 328 6
244 423 1
244 500 1
244 960 9
244 663 9
244 342 5
245 314 8
245 818 9
245 600 1
245 937 8
245 506 1
245 640 4
246 707 8
246 699 10
246 361 9
246 750 6
246 869 8
246 580 4
246 511 9
246 272 7
246 783 3
246 328 1
246 456 8
246 576 8
246 586 10
246 507 10
247 737 7
247 588 4
247 326 5
247 310 7
247 893 6
247 767 2
247 627 6
248 484 6
248 642 3
248 397 3
248 712 4
248 926 7
248 333 9
248 475 7
248 808 6
248 252 4
249 409 9
249 461 1
249 313 7
249 483 1
249 341 10
249 713 7
249 758 4
249 636 4
249 788 9
249 635 6
249 947 7
250 281 2
250 900 5
250 486 9
250 543 4
250 824 7
250 758 2
250 903 7
251 850 7
251 511 7
251 631 3
251 531 7
252 762 7
252 592 5
252 285 9
252 817 2
252 738 1
252 804 8
252 437 1
252 893 10
253 860 7
253 972 9
253 724 6
253 696 1
253 769 10
253 779 5
253 283 2
253 672 2
253 453 10
253 335 6
254 273 7
254 985 3
254 958 9
254 787 9
254 566 8
254 329 6
254 991 10
254 493 9
254 280 6
254 269 8
254 394 6
254 583 4
255 473 8
255 698 10
255 570 9
255 983 10
255 563 9
255 645 9
255 854 10
255 596 4
256 467 8
256 694 5
256 817 1
256 369 9
256 699 8
256 588 6
256 575 10
256 861 8
256 331 9
256 795 7
257 994 4
257 500 6
257 966 6
257 761 3
257 813 6
257 385 9
257 677 9
257 445 10
258 431 6
258 322 2
258 741 10
258 834 10
258 674 5
258 622 9
258 560 9
258 854 2
258 284 7
259 382 1
259 484 3
259 267 2
259 495 4
259 492 1
259 930 3
260 653 3
260 405 6
260 487 6
260 762 9
260 809 7
261 470 7
261 681 5
261 782 9
261 791 9
261 655 6
262 716 2
262 765 8
262 358 3
262 659 4
262 395 2
263 735 2
263 345 10
263 418 7
263 979 2
263 829 8
263 640 4
263 878 10
263 331 4
264 348 9
264 327 10
264 915 10
264 742 10
264 417 5
264 561 9
264 631 2
264 978 2
264 643 6
265 769 8
265 738 2
265 939 8
265 302 4
265 882 2
265 324 4
265 732 1
266 388 6
266 720 6
266 839 8
266 599 4
266 564 1
266 369 2
266 422 5
266 451 4
267 957 6
267 993 6
267 669 1
267 368 6
267 871 7
267 974 3
267 671 5
267 801 10
268 652 8
268 688 8
268 793 4
268 485 5
268 307 10
269 764 10
269 736 1
269 356 4
269 450 9
269 476 3
269 851 8
269 751 6
269 759 7
269 554 6
270 618 5
270 517 1
270 946 4
270 744 9
270 709 3
270 420 7
270 303 10
270 569 2
270 657 7
271 399 9
271 985 9
271 346 6
271 666 5
271 990 10
271 872 8
271 553 5
271 676 10
271 832 4
272 930 10
272 541 2
273 686 7
273 768 8
273 562 6
273 840 7
273 820 2
273 460 3
273 976 7
273 362 6
273 586 7
273 619 4
273 620 10
273 821 5
273 919 2
274 606 2
274 308 5
274 506 7
274 636 2
275 841 4
275 647 2
275 750 10
275 577 2
275 942 2
275 746 2
275 667 4
275 587 2
275 482 10
275 422 8
275 288 2
275 420 10
276 947 10
276 666 9
276 637 8
276 823 5
276 973 6
276 343 4
276 998 3
276 714 4
277 313 6
277 551 7
277 486 9
277 845 7
277 908 9
277 676 4
277 326 2
277 535 1
277 701 9
278 288 10
278 343 2
278 965 10
278 453 10
278 712 1
278 536 9
278 855 3
278 957 8
278 291 4
278 463 1
279 425 2
279 850 8
279 460 2
279 479 3
279 649 6
279 878 6
279 936 4
279 774 1
280 738 8
280 897 8
280 377 7
280 854 8
280 756 9
281 450 1
281 405 2
281 605 1
281 445 7
281 548 1
281 286 7
281 658 3
281 889 1
281 888 1
281 880 3
281 287 3
282 901 8
282 445 6
282 532 8
282 412 3
282 696 4
282 598 2
282 941 6
282 513 5
283 652 4
283 495 1
283 887 8
283 344 3
283 882 9
283 446 8
283 545 6
283 787 2
283 433 7
283 504 4
284 603 2
284 348 10
284 389 9
284 770 8
284 767 2
284 560 10
284 971 8
285 885 1
285 791 3
285 902 4
285 780 5
285 665 3
285 770 7
285 438 10
285 473 7
285 783 9
285 523 6
286 901 3
286 563 8
286 728 6
286 523 5
286 410 3
286 797 5
287 947 10
287 385 2
287 611 7
287 863 2
287 861 9
288 796 5
288 506 8
288 676 5
288 706 3
288 886 6
288 381 6
288 987 10
289 611 6
289 723 5
289 939 7
289 794 1
289 886 2
289 305 7
289 627 8
290 694 7
290 395 8
290 866 10
290 345 4
290 841 2
290 612 6
290 755 7
290 587 8
290 742 10
290 426 2
290 394 8
291 378 2
291 587 7
291 625 3
291 343 6
291 797 4
291 743 1
291 799 6
291 361 1
291 353 10
292 433 9
292 365 7
292 626 8
292 549 5
292 661 9
292 888 9
292 898 7
292 530 7
292 847 9
293 924 2
293 851 10
293 518 10
293 728 6
293 474 5
293 480 7
293 496 7
294 448 6
294 693 5
294 991 5
294 978 6
294 328 10
294 712 3
294 839 3
294 437 10
294 914 8
295 449 3
295 678 1
295 794 10
295 789 4
295 501 6
295 550 4
295 456 2
295 893 10
295 981 5
295 994 8
295 570 3
296 335 4
296 558 3
296 948 4
296 299 2
296 442 1
296 301 6
296 784 5
296 992 10
296 390 1
297 555 2
297 968 6
297 466 8
297 368 7
297 731 8
297 687 5
297 877 9
297 417 7
298 733 9
298 439 3
298 423 8
298 752 9
298 816 7
298 577 2
298 653 10
298 560 4
298 727 7
298 450 1
298 399 9
298 672 7
298 542 2
299 566 9
299 817 6
299 888 1
299 921 10
300 565 1
300 445 3
300 558 6
300 369 9
300 426 4
301 543 3
301 474 8
301 463 3
301 348 3
301 555 4
301 432 6
301 478 7
302 567 8
302 716 4
302 931 8
302 764 1
302 864 8
302 676 1
302 809 3
302 963 7
302 633 6
302 401 9
302 662 1
302 803 7
302 558 2
302 839 5
302 907 2
302 367 6
302 722 8
304 880 7
304 415 7
304 996 7
304 819 9
304 895 7
305 640 6
305 360 9
305 743 8
305 571 6
305 423 9
305 971 5
305 653 5
305 339 5
306 954 8
306 925 10
306 601 6
306 607 8
306 486 8
306 431 3
306 902 9
306 693 9
306 487 1
306 524 2
306 786 2
306 533 3
306 583 9
307 468 1
307 519 1
307 912 5
307 423 9
307 385 1
307 498 3
307 830 7
307 518 5
308 415 4
308 791 2
308 533 10
308 896 2
308 430 7
308 677 8
308 621 4
308 487 7
308 356 7
308 819 4
308 683 2
309 720 6
309 865 7
309 664 10
309 494 4
309 337 4
309 897 10
309 344 9
309 477 1
309 911 4
309 973 10
309 811 6
309 846 7
310 815 1
310 640 7
310 979 10
310 318 8
310 453 1
310 410 3
311 705 3
311 504 1
311 803 7
311 702 9
311 911 8
311 792 4
311 695 10
311 744 7
311 580 7
311 505 3
311 726 10
312 358 2
312 582 7
312 640 6
312 729 10
312 498 1
312 536 9
312 341 10
313 456 2
313 602 2
313 710 10
313 808 8
314 609 7
314 476 9
314 744 4
314 387 2
314 430 8
314 591 2
314 840 6
315 683 3
315 900 7
315 815 3
315 826 7
315 367 2
315 455 5
315 474 1
315 803 10
315 374 5
315 429 8
315 769 7
315 978 3
315 658 8
315 359 10
316 682 6
316 943 10
316 371 6
316 407 8
316 555 2
316 399 1
316 705 7
316 747 2
317 688 6
317 891 8
317 472 1
317 990 8
317 955 8
317 546 5
317 536 9
317 466 10
318 987 10
318 564 7
318 788 3
318 335 1
318 726 7
319 730 5
319 589 7
319 614 5
319 378 7
319 351 6
319 352 2
319 430 8
319 958 1
319 993 3
319 654 7
319 340 9
319 627 3
319 356 2
319 753 7
320 437 1
320 589 5
320 423 1
320 611 3
320 376 7
320 436 1
320 701 5
320 403 3
320 560 10
321 765 10
321 733 4
321 805 9
321 679 10
321 407 8
321 451 1
321 979 9
321 477 3
321 670 9
321 728 1
321 362 7
322 862 10
322 439 2
322 948 7
322 504 9
322 924 1
322 876 2
322 726 3
323 410 4
323 535 1
323 951 6
323 642 9
323 443 4
323 981 10
323 418 4
323 819 5
323 705 2
323 804 10
323 925 7
323 694 4
323 846 6
324 609 2
324 977 5
324 657 2
324 500 7
324 369 2
324 668 10
324 571 4
324 898 6
324 681 10
325 762 5
325 463 7
325 606 7
325 616 6
325 538 8
325 497 4
325 640 2
325 617 3
326 953 1
326 751 1
326 591 6
326 537 10
326 991 1
326 901 5
326 791 2
327 914 6
327 683 4
327 936 8
327 737 3
327 676 5
328 341 6
328 617 3
328 845 5
328 390 3
328 352 7
328 361 2
329 670 5
329 890 10
329 622 2
329 565 6
329 848 4
329 397 10
329 775 1
329 903 6
329 656 1
329 856 5
330 872 7
330 618 6
330 639 2
330 848 7
330 727 6
330 611 10
330 419 3
330 377 1
330 893 6
331 613 4
331 488 3
331 720 8
331 889 5
331 664 1
331 356 3
331 623 5
331 701 6
331 423 8
331 563 1
332 701 2
332 815 10
332 729 1
332 738 8
332 989 6
332 574 8
332 884 5
332 655 6
332 363 9
332 563 7
332 740 9
332 887 8
332 903 5
332 411 4
333 374 6
333 877 5
333 937 2
333 569 9
333 568 3
333 429 4
334 418 2
334 465 5
334 765 3
334 549 8
334 753 3
334 497 9
335 574 2
335 956 4
335 527 5
335 874 2
335 499 8
335 794 2
335 506 9
336 408 1
336 872 4
336 792 7
336 832 9
336 461 9
337 421 5
337 686 3
337 450 8
337 459 9
337 539 5
337 716 6
338 880 8
338 638 6
338 417 4
338 360 3
338 423 8
338 662 4
338 573 5
338 993 4
338 477 5
338 365 4
338 737 9
338 681 5
339 549 9
339 890 9
339 671 7
339 377 5
339 579 2
339 393 8
339 988 3
339 828 10
339 939 1
339 707 10
339 380 7
339 465 10
339 750 7
339 818 6
339 751 2
339 662 10
340 946 6
340 353 3
340 774 5
340 928 6
340 861 5
340 646 7
340 543 9
341 730 9
341 349 8
341 698 3
342 440 8
342 762 9
342 789 2
342 631 8
343 810 4
343 973 3
343 457 7
343 670 5
343 934 7
343 917 2
343 901 9
343 660 8
343 537 3
344 684 3
344 677 6
344 519 6
345 779 10
345 862 6
345 754 4
345 444 6
345 431 2
345 673 9
345 693 9
345 436 8
346 891 2
346 793 10
346 833 4
346 531 10
346 733 4
346 820 8
346 633 6
346 853 6
346 553 8
346 452 6
347 745 4
347 847 4
347 359 5
347 763 5
347 997 8
347 813 7
347 775 2
347 384 1
348 451 2
348 956 7
348 621 7
348 734 9
348 983 3
348 421 2
349 663 7
349 973 9
349 363 2
350 559 3
350 419 5
350 834 9
350 944 4
350 557 5
351 734 7
351 857 4
351 869 4
351 807 3
351 836 5
351 993 3
351 374 2
351 547 1
351 671 2
352 867 6
352 435 2
352 529 7
352 717 4
352 964 7
352 934 1
352 827 4
352 898 1
352 358 10
352 792 4
353 746 5
353 967 1
353 881 8
353 838 2
353 703 2
353 498 8
353 381 3
354 946 6
354 471 8
354 651 4
354 679 5
354 684 4
355 726 9
355 975 2
355 356 3
355 403 6
355 930 2
355 774 2
355 430 9
356 418 10
356 494 1
356 900 6
356 786 4
356 593 10
357 955 9
357 794 4
357 952 1
357 491 1
357 470 4
357 668 5
358 938 2
358 390 9
358 631 1
358 573 8
358 562 1
359 656 9
359 744 6
359 457 6
359 881 5
359 545 10
359 739 1
359 986 1
359 559 9
359 888 8
359 490 6
359 686 5
360 821 3
360 559 8
360 865 10
360 717 7
360 575 1
360 955 9
360 700 9
360 843 3
361 629 10
361 597 1
361 415 1
361 685 8
361 528 3
361 431 6
362 441 7
362 798 4
362 894 10
362 692 2
362 567 5
362 638 4
362 814 5
362 652 6
363 816 2
363 397 9
363 640 3
363 393 7
363 854 1
364 566 10
364 405 4
364 660 8
364 631 4
364 978 4
364 409 10
365 807 9
365 881 10
365 456 6
366 714 8
366 548 2
366 542 4
366 915 10
366 741 7
366 690 5
367 383 10
367 588 10
367 660 3
367 974 3
367 730 1
367 714 7
367 687 4
367 768 10
367 797 4
367 833 4
367 793 4
367 840 9
367 957 9
367 498 7
367 647 1
368 709 2
368 779 5
368 718 6
368 860 6
368 573 4
368 984 2
368 885 2
368 953 1
369 567 7
369 956 7
369 940 3
369 397 4
369 407 9
369 429 4
369 721 4
370 882 8
370 408 9
370 650 5
370 530 10
370 796 9
370 375 6
370 812 9
370 720 8
370 627 3
370 633 4
370 595 9
371 899 8
371 566 4
371 765 5
371 707 5
372 441 9
372 381 7
372 525 1
372 483 10
372 845 9
372 672 6
372 514 8
372 877 2
372 934 8
372 660 5
372 690 10
372 998 7
373 854 5
373 920 9
373 749 4
373 692 6
373 402 4
373 983 4
373 827 4
373 874 2
374 543 10
374 782 9
374 412 3
374 773 8
374 430 6
374 387 5
374 626 6
374 433 3
374 476 1
374 375 9
375 542 8
375 843 6
375 464 4
375 910 8
375 590 5
375 486 9
376 702 3
376 818 10
376 946 10
376 629 8
376 773 1
376 819 3
376 695 3
377 785 6
377 484 2
377 465 6
377 586 1
377 898 6
377 605 3
377 813 8
377 721 2
378 596 8
378 922 7
378 457 2
378 566 5
378 395 9
379 677 4
379 686 2
379 706 10
379 971 4
379 527 5
379 895 10
379 641 3
380 962 7
380 895 4
380 454 1
380 635 9
380 510 5
380 789 5
380 865 8
380 495 4
381 756 7
381 469 1
381 702 2
381 918 9
381 500 5
381 770 4
381 459 3
382 780 10
382 665 9
382 514 4
382 403 4
382 620 3
382 710 8
382 888 8
382 972 6
382 534 7
382 980 4
382 561 7
382 396 3
382 524 10
383 976 8
383 912 5
383 400 2
383 859 5
383 526 4
384 981 6
384 963 6
384 462 5
384 909 2
384 897 9
384 784 1
384 672 9
384 912 5
384 774 3
385 572 4
385 611 4
385 538 8
385 673 5
385 872 8
385 669 6
385 596 2
385 796 8
386 556 3
386 928 3
386 689 1
386 565 8
386 989 5
386 705 10
387 902 2
387 412 9
387 848 7
387 563 5
388 473 10
388 962 5
388 900 7
388 684 3
388 556 4
388 843 3
388 415 4
388 625 8
388 594 2
388 751 5
388 919 8
388 839 8
388 699 2
388 434 7
389 488 1
389 461 10
389 546 5
389 477 4
389 676 10
389 635 10
389 520 7
389 737 9
390 610 8
390 395 1
390 585 6
390 598 3
390 611 10
390 804 7
390 906 5
390 542 6
390 396 2
390 448 5
390 628 7
390 836 4
390 590 6
390 415 7
391 893 5
391 634 7
391 514 4
391 459 2
391 699 10
391 800 2
391 533 3
391 728 3
391 397 9
392 972 3
392 588 2
392 942 8
392 670 4
392 515 6
392 788 9
393 506 9
393 473 7
393 884 5
393 834 4
393 747 6
393 428 2
393 953 7
393 744 8
393 568 7
393 676 1
394 921 4
394 706 3
394 544 7
395 979 3
395 516 6
396 418 7
396 650 7
396 935 5
396 881 2
396 557 2
396 860 4
396 673 5
396 899 5
396 872 2
396 571 2
396 470 1
397 464 8
397 797 6
397 625 6
397 428 3
397 569 3
397 414 4
397 461 6
397 856 4
398 430 6
398 693 9
398 757 4
398 439 9
398 484 1
399 771 4
399 894 4
399 661 2
399 722 5
399 680 5
399 712 5
400 600 2
400 586 8
400 815 5
400 472 2
400 926 9
401 678 1
401 601 3
401 794 6
401 436 1
402 517 9
402 631 1
402 541 9
402 501 9
402 820 5
402 585 1
402 749 4
402 918 6
402 624 2
403 928 9
403 839 5
403 610 1
403 805 6
403 604 3
403 490 3
403 524 1
404 809 8
404 613 1
404 917 6
404 741 10
404 841 7
404 415 2
404 660 4
404 447 7
404 667 7
404 410 8
405 905 7
405 971 8
405 678 8
405 550 1
405 741 1
405 448 5
406 964 4
406 690 2
406 882 4
406 806 9
406 814 7
406 609 5
406 565 2
406 517 8
406 598 7
406 773 1
406 536 9
406 982 8
407 665 3
407 527 5
407 951 4
407 987 10
407 808 3
407 482 10
407 986 3
407 722 4
407 905 4
408 687 8
408 464 2
408 998 2
408 689 9
408 561 6
408 513 7
408 487 4
409 521 1
409 761 7
409 662 10
409 410 7
409 798 2
409 582 7
410 924 6
410 503 3
410 967 9
410 536 6
410 547 3
410 843 9
410 804 4
410 628 10
410 604 2
411 867 4
411 512 6
411 718 10
411 710 8
411 516 10
411 632 4
412 713 4
412 716 9
412 527 10
413 885 8
413 518 5
413 614 6
413 439 8
413 549 4
413 952 4
413 867 7
413 446 1
413 864 10
414 741 5
414 708 1
414 726 5
414 816 10
414 974 6
414 645 5
414 787 3
414 585 6
414 794 4
414 953 7
414 496 3
415 652 1
415 918 3
415 982 8
415 613 8
416 826 1
416 895 3
416 500 1
416 843 7
416 518 2
416 972 9
417 630 8
418 814 3
418 506 2
419 843 3
419 713 4
419 525 8
419 720 2
419 738 3
419 452 7
419 654 3
420 433 4
420 787 3
420 850 7
421 821 1
421 579 2
421 564 7
421 804 3
421 941 6
421 510 10
421 908 7
421 984 5
421 461 3
421 592 9
422 707 4
422 991 6
422 532 9
422 927 8
422 978 2
422 782 6
422 770 7
422 755 8
423 473 3
423 504 6
423 554 7
423 687 8
423 996 7
423 537 2
423 424 2
423 833 9
424 466 6
424 874 5
424 906 9
424 452 7
424 642 5
424 830 1
424 917 5
425 747 7
425 495 2
425 718 1
425 525 10
425 942 9
425 727 10
425 433 9
425 556 8
425 841 6
425 764 4
425 825 3
425 775 5
425 759 5
426 620 9
426 584 5
426 585 6
426 597 9
426 713 2
426 570 5
426 937 8
426 619 9
426 454 3
426 979 7
426 952 1
427 655 2
427 903 2
427 737 10
427 690 6
427 471 9
428 540 8
428 630 1
428 708 7
428 988 3
428 928 2
428 469 4
429 558 6
429 673 5
429 551 3
429 553 9
429 464 5
429 676 1
429 503 5
429 992 1
429 846 10
429 717 10
430 680 8
430 842 3
430 986 7
430 534 3
431 759 6
431 819 8
432 714 5
432 610 1
432 710 10
432 867 3
433 621 5
433 849 7
433 768 4
433 520 8
433 808 5
433 916 6
433 578 6
433 489 4
434 706 6
434 677 10
434 544 9
434 855 9
434 565 3
434 619 5
434 746 2
434 858 6
435 797 1
435 952 2
435 543 10
435 707 6
436 516 10
436 702 6
436 981 7
436 770 6
437 722 9
437 846 4
437 695 10
437 681 6
437 776 1
437 708 3
437 874 10
438 598 2
438 545 8
438 647 7
438 981 2
438 753 10
438 875 2
439 602 8
439 826 1
439 587 8
439 991 6
439 671 2
439 648 2
439 542 3
440 804 7
440 619 7
440 616 3
440 825 7
440 815 1
440 784 2
440 648 5
440 795 7
441 965 4
441 664 3
441 605 10
441 787 5
442 752 10
442 673 10
442 876 4
442 719 4
442 625 4
443 983 9
443 841 1
443 957 7
444 610 9
444 865 5
444 629 8
444 648 7
444 836 8
444 792 10
444 593 4
445 678 5
445 699 5
445 793 9
445 536 7
445 803 1
445 959 3
445 558 7
445 891 5
446 620 8
446 725 3
446 497 7
446 476 5
446 599 2
446 603 6
446 911 1
446 889 6
447 864 3
447 910 7
447 715 8
447 810 5
447 998 6
448 921 7
448 505 4
448 449 5
448 738 10
448 800 1
448 739 7
448 750 8
448 978 8
448 744 8
448 572 9
448 647 5
449 506 2
449 750 2
449 977 10
450 865 7
450 916 4
450 743 9
451 807 6
451 584 8
451 559 10
451 687 6
452 564 3
452 476 2
452 691 1
452 938 4
452 778 2
452 646 6
452 671 6
452 532 2
452 638 6
452 934 3
452 911 9
453 912 3
453 930 4
453 880 10
453 792 3
453 849 6
453 710 10
453 641 5
453 614 5
453 822 8
454 992 7
454 706 7
454 860 8
454 661 8
454 820 10
454 518 9
454 755 7
454 909 5
454 861 10
455 973 4
455 799 5
455 561 10
455 738 2
455 468 9
456 561 5
456 522 1
456 904 8
456 608 10
456 498 9
456 473 1
456 994 7
456 716 3
456 701 3
456 693 2
456 895 5
457 771 10
457 540 6
457 612 1
457 510 8
457 801 8
457 754 3
458 811 10
458 586 7
458 463 7
459 549 3
459 487 8
459 593 6
459 802 4
459 480 7
459 570 7
459 612 9
460 486 4
460 695 10
460 867 4
460 606 10
460 482 9
460 649 10
460 839 6
460 831 5
461 705 9
461 905 1
461 782 9
461 802 5
461 634 7
461 468 6
461 988 6
462 529 2
462 909 1
462 467 4
462 849 10
462 635 10
463 713 6
463 875 7
463 733 6
463 544 5
463 497 4
464 650 10
464 719 6
464 517 4
464 626 10
464 610 2
464 487 7
464 499 7
464 480 3
464 944 8
464 776 4
465 803 2
465 843 2
465 656 3
465 765 9
465 973 1
465 902 10
465 521 9
465 474 6
466 955 2
466 517 9
466 803 1
466 523 8
466 632 7
466 989 5
466 880 1
466 979 5
467 564 8
467 932 10
467 531 6
467 577 6
467 985 7
467 687 9
467 646 6
467 625 8
467 614 2
468 637 2
468 989 9
468 632 3
468 579 4
468 928 9
468 844 9
468 999 1
468 908 7
469 636 2
469 658 10
469 663 9
469 995 9
469 939 10
469 697 10
469 719 10
469 509 2
469 962 5
469 950 10
470 747 5
470 724 5
470 943 10
470 578 10
470 856 10
470 734 3
470 778 7
470 720 8
471 940 10
471 851 2
471 918 9
471 530 1
471 913 9
472 887 3
472 969 10
472 787 4
472 744 8
472 964 1
472 660 8
472 866 2
472 545 8
472 899 10
473 688 8
473 802 7
473 569 5
474 689 4
474 936 8
474 790 9
474 713 3
474 610 3
475 683 5
475 768 9
475 843 9
475 772 9
475 701 8
475 720 10
476 922 3
476 898 2
476 670 3
476 581 1
476 481 5
476 529 9
476 872 1
477 555 1
477 696 7
477 509 9
478 884 3
478 941 3
478 822 7
478 510 6
478 998 9
478 910 4
479 541 9
479 986 2
479 749 1
480 490 6
480 803 6
480 739 7
480 872 1
480 939 3
480 619 7
480 587 9
481 608 9
481 688 2
481 726 10
482 893 8
482 775 4
482 977 8
482 621 5
482 924 3
482 928 5
482 599 4
483 712 2
483 734 3
483 956 7
483 828 9
483 552 8
483 645 1
484 803 5
484 812 8
484 722 4
484 550 9
484 623 4
484 733 7
484 899 9
484 644 10
484 857 5
485 945 3
485 823 8
485 611 5
485 891 7
485 718 5
485 503 8
485 816 7
485 509 8
485 917 2
486 675 8
486 586 8
486 763 8
486 543 1
486 704 5
486 888 1
487 661 7
487 619 1
487 488 4
487 803 5
487 923 9
487 884 4
487 585 6
487 708 9
487 702 3
487 961 9
487 682 3
488 598 7
488 988 5
488 784 8
488 773 4
489 678 5
489 871 2
489 502 3
489 664 8
490 712 9
490 538 10
490 936 2
490 596 4
490 848 4
490 691 10
490 938 7
490 749 10
491 557 1
491 596 7
491 898 1
491 685 9
492 497 5
492 656 10
492 955 4
492 572 1
492 579 2
493 966 2
493 672 5
493 811 9
493 888 1
493 675 1
493 821 9
493 868 10
493 552 1
493 997 8
493 984 6
494 854 3
494 873 2
494 675 8
494 914 5
494 821 5
494 942 1
494 946 7
494 570 5
494 811 8
494 637 6
494 926 3
494 581 8
495 793 8
495 551 8
495 624 1
495 801 2
495 961 3
495 576 9
495 945 5
495 775 4
496 533 1
496 872 1
496 800 3
496 758 5
496 723 8
496 887 6
496 527 7
496 797 5
497 835 4
497 685 3
497 621 3
497 585 3
498 735 3
498 539 10
498 650 7
498 664 7
498 974 4
498 856 7
498 673 2
498 900 2
499 893 9
499 793 6
500 597 8
500 989 6
500 559 10
500 916 10
500 882 2
501 886 6
501 853 9
501 545 10
501 540 4
501 804 9
501 923 3
501 713 5
501 673 3
501 704 6
501 509 3
502 728 8
502 757 4
502 990 5
502 808 4
502 567 10
503 992 8
503 701 8
503 878 2
503 769 6
503 969 3
503 950 5
503 928 4
503 690 7
504 993 7
504 628 2
504 509 3
505 521 2
505 643 6
505 910 3
505 995 7
505 685 6
505 903 5
506 871 1
507 710 5
507 569 1
507 640 10
507 784 10
507 890 8
507 857 4
507 780 9
508 763 10
508 959 7
508 932 4
508 532 2
508 898 7
509 934 6
509 764 9
509 708 2
509 671 1
509 763 10
509 784 5
509 918 4
509 609 8
510 640 8
510 955 8
510 527 8
510 875 1
510 867 4
511 671 2
511 611 1
511 530 5
511 689 2
511 879 1
511 546 9
511 734 8
511 786 4
511 742 1
512 995 3
512 552 7
512 707 9
512 739 3
512 875 2
513 935 9
513 793 7
513 785 4
513 522 4
513 729 4
513 539 4
514 941 3
514 932 10
514 702 8
514 832 7
514 689 7
514 579 6
514 584 8
514 950 7
514 714 5
514 866 9
515 555 3
515 770 10
515 696 5
516 661 8
516 871 4
516 979 3
516 902 1
516 700 3
516 589 8
516 942 4
517 616 1
517 668 10
517 869 2
517 583 10
518 945 10
518 653 7
519 934 3
519 623 8
519 806 2
519 591 4
519 608 8
519 789 4
519 557 4
519 805 3
519 646 7
519 552 8
519 999 2
520 983 5
520 613 6
520 575 10
520 799 10
520 822 8
521 722 8
521 616 1
521 848 9
521 621 8
522 543 2
522 528 4
522 689 1
522 626 6
523 562 2
523 943 5
523 678 7
523 803 10
523 675 8
523 566 2
523 626 1
523 619 10
524 773 1
524 568 4
524 927 6
525 607 8
525 927 1
525 903 10
525 822 5
525 675 1
526 844 4
526 921 4
526 658 9
527 679 3
527 647 4
527 914 4
527 810 7
527 724 7
528 866 3
528 823 5
528 777 1
528 783 4
528 692 10
529 970 7
529 535 5
529 922 5
529 933 1
529 981 2
529 645 9
529 782 4
529 925 4
530 712 7
531 667 7
531 816 9
531 916 7
531 764 8
531 696 10
531 983 5
532 745 6
532 678 2
532 970 4
533 585 8
533 693 10
533 991 8
533 671 1
533 601 1
533 784 10
533 974 8
534 988 6
534 877 7
535 794 7
535 536 3
535 838 5
535 800 6
535 996 2
535 704 8
535 591 6
535 834 8
535 674 3
535 768 4
535 683 4
535 611 7
536 998 10
536 644 7
536 556 5
536 871 7
536 610 1
536 699 2
536 753 6
536 931 9
536 724 6
537 778 7
537 785 9
537 656 4
538 976 6
538 816 4
538 881 5
538 818 3
538 638 1
538 672 10
538 588 1
538 975 5
539 634 3
539 858 1
539 748 7
539 597 9
540 893 2
540 623 3
540 941 10
540 818 10
541 669 4
541 644 10
542 739 8
542 944 5
542 984 2
542 713 2
543 944 1
543 873 10
543 572 1
543 566 5
543 764 8
543 853 5
543 753 9
544 802 7
544 828 2
544 611 2
544 939 8
544 694 8
544 866 9
545 784 2
545 720 8
545 934 2
545 971 9
545 845 9
546 746 2
546 629 4
546 664 4
546 835 4
546 861 8
546 550 1
546 737 7
547 814 5
547 653 5
547 789 5
547 992 10
547 641 9
547 873 2
547 593 5
548 973 9
548 741 7
548 703 10
548 901 3
548 875 8
548 568 6
548 580 5
548 728 9
549 906 1
549 586 3
549 608 6
549 550 7
549 810 5
549 885 5
549 895 9
550 821 3
550 710 2
550 848 10
550 560 5
550 897 10
550 947 4
550 772 3
551 574 6
551 703 5
551 941 5
551 838 8
551 869 4
552 951 5
552 767 7
552 805 2
552 855 4
552 617 3
552 578 7
552 648 6
552 998 7
553 667 8
553 918 2
553 741 3
553 962 4
553 891 8
553 811 7
554 877 6
554 700 1
554 954 6
555 890 6
555 910 10
555 842 1
555 589 4
556 853 10
556 834 5
556 920 4
556 793 2
556 821 4
556 915 7
556 897 10
556 826 9
557 923 7
557 736 9
557 592 7
558 913 10
558 606 2
559 819 9
559 699 5
559 922 10
559 602 8
559 712 10
559 948 10
559 756 5
560 924 4
560 591 7
560 881 8
561 853 4
561 599 4
561 862 4
562 969 10
562 934 7
562 860 6
562 570 5
562 954 2
562 959 4
562 991 1
563 876 4
563 763 4
563 951 9
563 670 3
563 786 2
563 903 4
563 658 10
563 586 8
563 628 5
563 948 8
563 863 6
564 787 4
564 655 9
564 979 7
564 600 7
564 729 6
565 781 1
565 989 6
565 802 6
566 881 5
566 957 1
566 822 10
566 647 5
566 895 4
566 993 10
567 602 4
567 836 1
567 783 1
567 594 8
567 956 3
567 739 1
567 953 9
568 776 3
568 572 1
568 971 5
569 677 2
569 865 4
569 766 2
569 584 9
570 823 9
570 658 1
570 971 1
570 954 9
570 839 4
571 782 10
571 694 8
571 961 5
571 594 6
571 897 3
571 913 7
571 761 10
571 767 6
572 853 4
572 687 1
572 922 7
572 827 5
572 849 3
572 721 7
572 757 3
572 628 1
573 905 4
573 956 3
573 785 7
573 637 1
573 720 2
574 865 5
574 662 7
574 843 4
574 903 10
574 630 3
574 948 4
575 955 10
575 986 6
575 710 2
575 885 8
576 971 8
576 725 9
576 798 6
576 629 10
577 606 1
577 970 9
577 778 9
577 946 10
577 673 4
577 992 7
577 898 10
577 803 4
578 597 5
578 903 3
578 741 9
578 939 10
578 742 5
578 746 7
579 801 9
579 673 10
579 580 4
579 971 2
579 892 6
579 663 8
580 965 9
580 899 4
580 908 5
580 818 1
580 627 8
580 806 4
581 610 9
581 617 10
581 690 5
581 970 2
581 988 9
581 879 4
581 727 1
582 630 4
582 943 1
582 859 3
582 900 3
582 694 6
582 708 6
583 911 2
583 624 2
583 853 2
583 914 9
584 590 7
584 965 4
584 657 2
584 620 1
584 878 3
585 667 8
585 819 6
585 798 7
585 835 1
585 948 2
585 760 6
585 747 10
585 745 1
586 970 6
586 912 2
586 806 9
587 692 4
587 667 9
587 690 1
587 946 4
587 855 8
587 728 1
587 935 7
587 682 2
588 841 2
588 918 10
588 618 3
589 783 7
589 601 5
589 749 4
589 800 3
589 704 1
589 713 8
589 702 1
589 590 9
589 946 9
589 700 6
589 750 3
590 789 8
590 642 8
590 761 6
590 768 5
590 653 6
590 839 6
591 738 10
591 592 2
591 666 3
591 683 4
591 701 3
591 776 5
591 630 9
592 595 1
592 767 4
592 839 10
593 753 10
593 621 3
593 675 3
593 598 10
593 817 10
593 606 2
594 597 7
594 743 9
594 924 6
594 770 7
595 679 10
595 752 9
595 607 2
596 740 10
596 600 4
596 602 3
596 813 4
596 936 4
597 919 10
597 725 4
597 765 1
598 968 7
598 785 10
598 866 9
598 670 5
599 696 3
599 858 5
599 667 10
599 797 1
599 854 1
600 979 3
600 882 10
601 857 8
601 760 4
601 741 1
601 638 5
601 669 5
601 612 4
601 922 1
602 695 6
602 705 4
602 675 7
602 788 2
603 741 3
603 640 6
603 681 7
603 674 9
603 750 2
603 823 10
603 714 4
604 988 4
604 933 10
604 718 4
604 918 5
604 983 6
604 711 1
605 900 4
605 935 1
605 611 2
605 756 1
605 949 3
606 964 9
606 644 3
607 694 7
607 737 2
607 908 1
607 681 8
608 631 8
608 997 4
608 653 4
608 628 4
608 623 4
608 671 9
608 892 6
608 672 6
609 854 5
609 657 9
609 770 10
609 716 1
609 956 3
610 718 4
610 809 6
610 922 3
610 772 10
610 912 1
610 789 8
611 654 6
611 903 6
611 986 4
611 767 3
612 695 7
612 791 5
612 803 3
613 802 3
613 851 6
613 653 5
613 763 2
613 770 7
614 824 10
614 615 6
614 640 9
614 634 9
614 620 5
614 629 1
614 948 6
615 820 5
616 716 3
616 734 2
616 950 10
617 919 9
617 894 3
617 734 7
617 619 5
617 713 7
617 756 6
617 858 6
617 972 7
618 720 6
618 986 9
618 908 9
618 712 1
619 820 10
619 923 1
619 787 2
619 931 5
619 956 9
620 932 6
620 717 1
620 986 4
620 735 4
621 986 7
621 911 5
622 694 5
622 738 9
623 645 1
623 697 1
623 937 6
623 868 4
624 983 5
624 891 4
624 937 9
624 727 4
624 665 3
624 904 4
624 911 2
624 950 5
625 870 8
625 696 6
626 826 4
626 905 2
626 942 5
626 990 8
626 631 8
626 961 1
626 973 7
626 927 1
627 834 1
627 953 4
627 662 3
627 981 9
627 646 1
627 826 4
627 893 6
627 941 1
627 913 3
627 647 8
627 968 1
628 691 2
628 977 7
628 755 6
628 634 8
628 805 2
628 940 1
628 700 5
629 968 5
629 784 10
629 940 2
630 827 2
630 758 7
630 703 10
630 888 8
630 863 10
630 818 1
631 934 6
631 675 10
631 843 7
631 887 7
632 970 7
632 654 5
632 653 1
632 736 4
632 713 3
633 906 10
633 717 4
633 652 1
633 770 8
633 856 8
633 940 4
634 648 2
634 738 1
634 643 10
635 997 2
635 693 5
635 966 5
635 794 4
635 971 7
636 838 3
637 774 8
637 757 7
637 717 3
637 783 6
638 709 5
638 845 6
638 844 8
639 648 5
639 828 2
639 737 4
640 954 9
640 777 7
640 970 3
640 702 6
640 815 4
641 735 8
641 802 1
641 751 10
641 907 4
641 788 8
642 661 7
642 910 4
642 881 2
643 849 8
643 672 2
643 729 7
644 907 6
644 702 10
644 686 3
644 859 5
644 745 1
645 862 7
645 960 10
645 985 2
645 705 2
646 662 9
646 979 4
647 796 6
647 746 1
648 778 6
648 995 10
648 711 1
648 849 1
648 948 8
648 721 10
648 807 9
649 873 9
649 781 5
649 887 3
649 983 10
650 833 2
650 658 9
650 680 7
650 945 4
651 906 4
651 987 6
651 766 1
651 773 8
651 854 7
651 933 8
652 710 9
652 955 10
652 825 4
653 842 7
653 936 8
653 975 9
654 861 3
654 985 4
654 812 10
654 810 3
654 876 9
654 938 10
654 989 4
654 983 10
654 686 2
654 655 5
654 820 1
654 958 1
655 704 4
655 978 1
656 787 4
656 971 4
656 784 6
656 692 10
656 737 1
656 757 10
657 979 7
657 740 5
657 980 4
657 926 9
658 936 8
658 810 5
658 822 3
658 687 3
658 697 7
658 905 8
659 700 8
659 965 10
660 687 7
660 834 1
660 797 3
660 803 4
660 693 9
660 941 1
660 807 2
660 676 3
660 704 5
661 686 10
661 746 1
661 871 6
661 849 9
661 805 1
662 679 6
662 836 3
662 853 7
662 981 8
663 699 3
663 726 2
663 746 7
664 907 4
664 770 9
664 665 6
664 760 2
664 904 2
664 708 2
664 718 2
665 718 1
665 731 2
665 777 6
665 903 5
665 854 2
665 998 8
665 729 5
666 898 3
666 880 7
666 728 7
667 840 7
667 913 8
667 919 7
667 940 7
667 723 5
668 957 7
668 869 10
669 689 9
669 863 6
669 880 5
669 878 9
669 849 7
669 856 5
669 793 5
669 826 5
669 681 10
670 891 6
670 873 7
671 777 10
671 715 8
671 801 5
671 758 4
671 955 7
672 872 1
672 870 1
673 951 8
673 680 10
673 759 9
673 860 1
674 849 4
674 887 6
674 867 2
674 777 7
674 990 7
674 763 8
675 785 8
675 893 1
675 934 8
675 883 2
676 887 7
676 708 3
676 958 10
677 823 3
677 895 6
677 843 8
677 744 3
677 745 2
678 872 8
679 811 1
679 978 10
679 927 2
679 759 8
680 942 10
680 845 3
680 925 1
680 709 6
681 963 8
682 956 8
682 884 1
682 813 3
682 930 6
683 727 7
683 925 8
684 825 6
684 983 4
685 884 10
685 926 10
685 894 1
686 883 6
686 828 8
686 944 7
687 760 9
687 980 9
688 783 5
688 766 9
688 720 3
688 838 8
688 857 6
688 943 10
688 944 6
688 751 8
689 722 1
689 968 9
689 980 7
690 984 8
690 879 8
690 714 2
691 882 8
691 757 7
691 791 8
692 758 4
692 741 9
692 863 9
693 766 9
693 929 6
693 819 10
693 820 9
693 908 10
693 919 7
694 969 5
694 889 7
694 793 10
694 983 4
694 891 5
694 755 9
695 863 9
695 817 7
695 834 7
695 986 9
696 811 8
696 738 8
696 921 5
697 858 9
697 946 10
697 841 7
697 738 2
697 888 10
697 984 5
698 811 8
698 829 2
698 915 6
698 785 4
698 906 5
698 992 2
699 987 7
699 764 1
699 978 5
700 870 10
700 943 7
700 847 6
700 883 1
700 713 8
701 934 1
701 826 6
701 966 10
701 712 7
701 885 6
701 710 9
701 833 9
701 864 9
701 806 5
701 865 1
702 885 8
702 711 2
702 764 9
702 805 4
702 741 9
702 881 1
703 776 9
703 909 4
703 868 9
703 999 5
704 893 7
704 823 5
704 944 3
704 798 3
704 714 2
705 741 10
705 751 2
705 977 1
706 780 6
706 941 1
706 721 3
706 842 1
706 719 10
706 856 6
706 851 8
707 925 8
707 850 2
707 963 9
707 802 1
707 914 5
708 888 2
709 789 10
709 851 1
709 780 8
709 749 3
709 828 5
709 926 3
710 849 4
710 938 1
710 859 4
710 898 4
710 823 4
710 833 6
710 826 9
710 997 10
710 877 5
711 970 1
711 958 3
711 715 5
711 945 10
712 743 5
713 980 4
713 735 10
713 968 9
713 770 4
713 841 2
714 966 3
714 971 9
715 901 3
715 941 5
716 743 4
716 972 2
716 939 3
717 931 4
717 949 5
717 917 3
717 851 8
717 805 5
717 868 9
717 852 2
717 767 4
718 959 10
718 886 7
718 971 7
718 863 5
719 880 8
719 780 9
719 848 10
719 899 8
719 774 9
720 893 1
720 909 8
720 828 8
720 754 9
720 895 4
721 846 8
721 939 4
721 964 5
721 896 2
721 823 4
722 777 9
722 920 4
722 878 6
723 807 3
724 878 7
724 991 10
724 802 1
724 871 1
725 960 10
725 965 5
725 841 5
725 859 6
726 728 5
726 957 6
726 990 3
726 959 3
726 761 8
726 792 6
727 829 4
727 784 2
728 802 3
728 975 7
728 928 10
729 931 3
729 840 6
729 998 3
729 917 3
730 920 3
730 743 7
730 885 4
730 776 2
730 784 6
731 935 2
731 786 10
731 837 2
732 883 1
732 754 4
734 736 4
734 760 6
735 897 6
735 765 6
735 882 8
735 750 2
735 937 2
736 962 2
736 913 3
736 778 8
736 899 6
737 921 2
738 773 9
738 886 1
738 906 5
738 806 9
739 896 6
740 756 10
742 920 2
742 896 10
742 987 8
743 925 10
743 845 9
744 962 1
744 932 9
744 996 8
745 775 4
745 864 5
745 825 5
746 907 2
746 799 10
747 773 3
747 963 7
747 976 3
747 947 7
748 802 9
748 845 6
748 825 6
748 834 8
748 827 8
749 971 2
749 753 8
750 814 5
750 867 6
750 899 7
750 894 4
751 862 5
751 787 6
752 830 5
752 765 2
752 933 6
752 789 9
752 844 3
753 815 3
753 868 8
753 954 5
754 759 10
754 957 7
755 830 10
755 869 10
755 825 5
755 828 4
755 961 2
756 917 7
756 969 1
756 904 9
756 982 5
757 862 4
757 773 5
757 953 4
759 999 3
759 766 5
759 929 3
760 972 3
760 791 9
760 950 7
761 882 8
761 997 8
761 963 5
762 796 1
762 892 8
762 771 4
763 997 6
763 774 5
763 956 7
764 900 6
764 772 6
764 971 9
764 964 5
765 997 8
765 915 4
766 844 2
766 770 6
766 959 6
766 850 4
766 907 6
766 840 8
767 820 6
768 914 8
768 985 9
768 804 8
768 863 10
768 879 2
769 958 5
769 871 4
770 889 7
770 840 1
770 990 10
770 944 7
771 948 4
771 895 10
772 989 7
772 884 5
772 966 8
773 972 6
773 782 5
773 839 9
773 936 6
774 781 2
774 987 10
774 994 3
775 972 6
776 987 6
776 911 6
776 868 3
777 908 3
778 833 5
778 815 3
779 823 10
779 859 2
779 792 6
779 857 4
779 883 10
781 980 5
781 970 5
781 841 1
781 934 10
781 798 3
781 993 2
781 802 4
782 970 10
782 937 7
782 992 4
782 921 1
783 948 5
784 796 8
784 970 9
784 897 8
785 997 3
785 840 6
785 958 9
786 863 9
786 989 6
787 808 9
787 984 5
788 881 6
788 926 6
788 798 5
788 987 3
788 841 2
788 890 1
788 865 1
789 921 2
789 871 10
789 998 5
789 962 2
790 888 9
790 913 7
790 912 6
791 993 8
791 808 9
791 974 2
791 977 3
791 794 5
791 979 9
791 811 2
792 992 4
792 889 3
792 832 10
792 865 10
792 839 1
793 861 3
794 876 7
794 818 7
794 966 10
794 995 7
794 831 5
794 984 5
795 964 10
797 976 4
797 850 3
797 830 2
798 848 3
798 837 4
799 980 7
799 882 2
799 894 8
799 990 9
799 889 3
799 831 6
800 992 10
801 953 6
801 842 4
801 885 6
801 846 6
802 948 5
802 930 9
802 919 6
802 871 1
804 836 4
804 818 1
806 810 6
806 894 1
807 808 7
807 884 4
807 908 10
807 999 10
807 881 6
807 915 7
808 813 9
808 892 3
808 820 7
809 991 4
810 977 4
810 939 6
810 929 4
810 998 1
810 867 3
812 977 2
812 837 4
812 832 7
812 987 6
813 901 4
813 935 10
814 840 6
814 956 5
814 868 4
814 887 5
814 918 6
815 955 8
815 817 4
815 937 4
816 866 4
816 869 1
816 949 7
817 983 5
817 829 2
818 892 2
818 866 4
819 882 2
819 830 2
819 987 3
819 931 1
821 864 10
821 829 9
821 832 2
821 892 9
821 861 5
822 841 9
822 990 5
823 980 4
823 920 8
823 882 8
823 953 3
824 965 8
824 877 1
824 913 9
824 911 3
825 947 2
825 990 7
825 987 1
826 851 7
826 936 8
827 882 3
827 950 5
828 890 9
828 988 10
828 943 3
829 930 6
829 902 4
830 935 2
830 920 2
830 855 6
831 916 1
831 940 6
834 911 9
835 938 10
835 843 4
835 986 7
836 882 10
836 888 6
837 967 10
838 974 1
838 981 9
841 965 8
841 915 5
841 960 3
844 935 2
845 920 7
846 859 6
846 879 8
846 898 6
848 912 9
849 939 8
849 867 1
850 928 5
850 920 8
851 974 8
852 925 8
852 911 9
852 889 10
854 869 5
854 988 2
855 976 6
855 925 4
855 877 2
855 919 5
855 960 5
855 915 1
856 881 8
856 926 4
858 901 1
859 957 10
859 900 2
863 989 9
863 946 5
864 979 3
865 990 6
865 918 3
866 990 8
868 939 8
868 971 4
869 914 7
869 928 4
870 959 7
870 951 2
872 952 4
873 913 3
874 924 1
875 884 1
877 901 6
878 997 10
878 975 5
878 951 8
880 931 3
881 995 1
881 891 8
881 936 9
881 917 5
882 963 10
883 961 6
884 994 4
886 923 6
887 958 6
888 937 10
890 933 7
890 939 3
890 942 9
892 982 9
893 985 10
895 945 10
895 955 7
897 994 6
899 961 2
899 901 9
900 910 10
902 919 2
903 957 6
904 967 9
904 958 1
904 963 2
905 965 8
905 913 1
906 953 5
909 938 9
910 951 3
911 960 7
913 947 9
915 960 10
916 945 4
918 960 1
919 964 4
919 993 7
922 982 4
927 929 3
928 987 5
928 963 2
928 970 4
928 944 4
929 996 4
930 999 7
931 962 2
931 952 6
931 968 10
932 969 2
932 943 5
933 991 5
936 988 2
940 965 10
941 956 8
943 952 9
944 996 4
944 997 7
947 952 10
953 983 8
953 992 1
961 974 4
963 970 8
