0 940 10
0 311 6
0 467 4
0 489 1
0 845 9
0 670 3
0 10 3
0 794 8
0 743 8
0 829 10
0 54 3
0 655 3
1 532 7
1 673 10
1 629 6
1 97 7
1 777 7
1 971 8
1 737 6
1 847 2
1 121 4
1 648 6
2 388 2
2 418 7
2 289 9
2 283 8
2 595 6
2 521 4
2 13 4
2 227 8
2 157 2
3 976 7
3 341 5
3 836 3
3 774 2
3 437 9
3 207 7
3 588 7
3 393 4
4 721 3
4 462 9
4 392 6
4 692 8
4 510 10
4 320 4
4 588 2
4 318 7
4 428 10
4 993 3
4 996 1
5 704 2
5 630 3
5 987 3
5 965 5
5 261 6
5 586 9
5 193 1
5 823 3
5 622 4
5 919 3
6 777 5
6 965 4
6 185 10
6 267 2
6 782 9
6 544 8
6 311 10
6 954 9
6 547 4
6 513 6
6 307 4
6 614 4
6 785 5
6 82 9
6 90 3
7 225 3
7 56 9
7 122 5
7 104 6
7 641 3
7 808 2
7 384 5
7 815 2
7 591 9
7 183 7
8 683 6
8 579 4
8 867 4
8 712 4
8 576 5
8 467 4
8 229 9
8 12 1
8 547 7
8 238 7
8 967 3
8 596 1
8 851 10
9 74 7
9 574 7
9 682 6
9 305 2
9 223 3
9 652 1
9 496 8
9 455 4
9 898 2
9 485 5
9 645 10
9 46 10
9 117 4
9 548 1
9 825 4
9 306 10
9 992 6
10 569 5
10 108 8
10 678 4
10 206 10
10 688 6
10 772 4
11 965 5
11 586 4
11 718 5
11 271 9
11 658 7
11 972 7
11 649 1
11 217 2
11 137 2
11 797 5
12 869 7
12 893 9
12 17 4
12 394 1
12 910 5
12 122 4
12 883 6
12 124 2
12 894 7
12 721 8
12 848 4
12 259 4
12 295 5
12 69 6
12 771 10
12 381 6
13 827 10
13 55 6
13 72 4
13 147 8
13 183 5
14 725 2
14 565 5
14 270 6
14 190 6
14 69 1
14 913 6
14 351 9
14 759 4
14 133 8
14 747 2
14 781 10
15 856 1
15 739 10
15 366 2
15 930 3
15 530 1
15 505 2
15 332 1
15 947 10
15 981 4
16 331 8
16 548 5
16 765 2
16 910 3
16 267 10
16 499 3
16 322 1
16 127 10
16 111 1
16 610 8
16 147 6
16 989 8
16 161 7
16 92 4
17 95 5
17 835 5
17 293 2
17 601 6
17 398 3
17 865 8
17 491 5
18 370 7
18 195 2
18 669 1
18 684 6
18 355 2
19 500 2
19 481 10
19 446 2
19 262 3
19 195 3
19 813 5
19 413 7
19 869 5
19 652 1
19 328 9
19 634 10
19 110 5
19 213 5
19 456 3
19 669 8
19 793 9
20 712 6
20 636 5
20 567 7
20 539 1
20 326 2
20 345 1
20 885 9
20 49 7
20 352 2
21 346 7
21 973 6
21 994 9
21 414 2
21 197 9
21 660 7
22 302 2
22 740 4
22 66 9
22 60 6
22 603 8
22 420 1
22 190 2
22 790 1
22 729 7
22 64 1
23 509 3
23 305 2
23 117 9
23 128 2
23 339 8
23 319 4
23 642 3
23 85 2
24 228 3
24 419 9
24 157 8
24 788 3
24 476 2
24 34 2
24 999 3
25 759 1
25 422 5
25 47 5
25 634 3
25 494 4
25 390 9
25 289 1
25 461 1
25 818 9
25 197 6
25 942 9
25 315 9
26 951 1
26 256 1
26 134 9
26 623 7
26 116 2
26 505 8
26 91 7
26 326 8
26 99 2
26 738 5
26 789 4
26 780 4
26 703 3
27 574 8
27 546 6
27 678 8
27 424 3
27 644 8
27 975 10
27 868 9
27 639 6
27 810 6
28 961 3
28 229 5
28 720 3
28 291 3
28 493 8
29 398 1
29 344 6
29 996 1
29 47 1
29 273 9
29 884 1
29 405 3
29 177 3
29 626 3
29 174 2
29 983 3
29 133 8
29 804 10
29 250 3
29 762 6
29 92 6
30 95 4
30 334 4
30 343 3
30 508 1
30 917 1
30 966 7
30 783 7
30 66 8
31 772 3
31 987 2
31 93 4
31 975 8
31 509 7
31 814 5
31 178 9
31 721 2
31 247 7
31 676 10
31 832 2
31 860 7
31 240 6
32 432 1
32 824 4
32 927 8
32 248 9
32 293 5
32 828 4
32 95 8
32 810 1
32 894 10
32 101 9
32 278 2
32 130 7
33 298 5
33 286 1
33 580 8
33 183 2
33 299 2
33 460 1
33 186 10
33 255 1
33 554 4
33 514 4
33 418 6
33 874 8
33 882 2
33 303 7
33 812 3
34 593 9
34 608 5
34 859 6
34 301 4
34 199 3
34 755 4
34 38 3
34 516 5
35 129 8
35 152 1
35 731 9
35 679 1
35 291 8
35 105 5
35 724 3
36 854 8
36 554 5
36 878 9
36 754 9
36 422 7
36 690 10
36 95 3
36 661 2
36 171 1
36 143 6
37 563 5
37 987 6
37 468 2
37 771 7
37 856 4
37 556 1
37 928 9
37 148 1
37 741 1
37 347 9
37 753 4
38 968 2
38 462 2
38 539 9
38 935 7
38 897 7
38 92 2
38 176 6
38 546 1
38 811 5
38 339 7
38 741 8
38 471 5
38 307 4
38 803 4
38 955 7
38 708 8
39 879 8
39 111 5
39 293 2
39 140 7
39 405 3
39 898 1
39 805 6
40 608 6
40 920 6
40 910 6
40 316 9
40 176 9
40 894 3
40 944 4
40 561 9
40 872 4
40 158 10
40 981 2
40 47 4
40 524 5
40 253 2
40 752 8
40 990 1
41 667 1
41 590 5
41 46 3
41 220 2
41 386 10
41 367 9
41 751 4
41 595 10
41 481 1
41 633 10
41 921 6
41 739 4
42 315 2
42 355 6
42 460 6
42 323 10
42 845 1
42 774 1
42 126 4
42 326 5
42 622 3
42 99 9
42 324 6
43 759 5
43 744 3
43 297 3
43 235 6
43 125 7
43 129 10
43 684 6
43 980 1
43 762 3
43 595 3
43 898 2
43 415 9
43 842 9
43 441 7
44 826 1
44 420 2
44 744 8
44 481 10
44 810 8
44 95 2
44 303 3
44 249 10
44 714 5
44 68 2
44 539 10
44 389 5
44 55 4
44 106 4
44 67 3
45 283 5
45 260 2
45 136 6
45 411 9
45 576 5
45 307 6
45 879 6
45 456 4
45 946 6
45 954 6
45 427 2
46 677 10
46 280 5
46 143 10
46 225 5
46 83 7
46 410 7
46 433 1
46 576 4
46 843 2
46 918 3
46 599 9
46 341 1
46 248 9
46 607 4
47 946 7
47 101 10
47 250 9
47 976 4
47 451 8
47 424 1
47 105 1
48 881 10
48 124 8
48 886 2
48 995 3
48 948 9
48 407 9
48 151 3
49 51 3
49 893 4
49 684 2
49 780 5
49 395 1
49 638 3
49 608 4
49 566 1
49 296 8
50 996 10
50 632 7
50 525 7
50 98 2
50 243 8
50 395 10
50 155 1
50 262 7
50 763 4
50 194 8
50 189 1
50 111 3
51 100 5
51 58 7
51 475 9
51 186 10
51 805 8
51 99 8
51 248 9
51 172 7
51 467 9
51 284 2
51 689 3
51 454 9
51 691 2
51 926 9
52 866 8
52 258 1
52 208 5
52 738 9
52 583 1
52 597 3
52 274 1
52 792 7
52 729 10
52 586 7
52 909 4
53 974 7
53 129 1
53 159 1
53 808 2
53 256 4
53 102 8
53 405 1
53 923 10
53 723 2
53 908 7
53 118 2
53 758 3
54 155 3
54 405 10
54 354 10
54 886 7
54 103 3
54 481 7
54 148 4
54 277 5
54 925 6
54 283 7
54 279 6
55 746 5
55 997 4
55 192 2
55 661 5
55 369 7
55 891 7
55 627 5
55 836 2
55 182 6
55 872 3
55 131 4
55 561 8
55 391 6
55 248 1
55 706 1
55 88 3
55 353 7
55 496 6
55 64 6
56 889 1
56 828 6
56 623 7
56 368 9
56 151 7
56 647 4
56 527 8
56 622 10
57 794 8
57 300 10
57 360 3
57 487 9
57 754 3
57 238 4
57 840 4
57 686 4
57 150 2
57 272 10
57 943 8
57 855 8
57 345 3
57 966 2
58 161 5
58 377 7
58 970 3
58 921 3
58 968 4
58 961 2
59 246 6
59 991 3
59 572 3
59 575 3
59 250 1
59 287 7
59 857 8
59 649 9
59 725 5
59 111 1
59 595 5
60 646 3
60 168 1
60 929 4
60 536 7
60 583 5
60 940 10
60 965 1
60 607 6
61 635 3
61 73 9
61 569 8
61 705 1
61 957 9
61 382 9
61 971 4
61 984 3
61 167 10
61 290 5
61 340 10
61 287 8
62 412 5
62 555 7
62 407 7
62 490 10
62 281 9
62 566 8
62 369 8
62 92 7
62 266 10
63 425 10
63 980 1
63 744 6
63 241 3
63 848 6
63 581 7
63 850 1
63 154 8
63 707 6
63 831 6
63 301 6
63 795 1
64 650 5
64 113 5
64 733 4
64 171 6
64 815 10
64 870 9
64 267 3
64 633 10
64 270 9
64 738 10
64 398 7
64 225 8
64 123 1
65 394 10
65 230 2
65 424 5
65 763 6
65 554 6
65 269 4
65 493 3
65 959 10
65 605 2
66 841 8
66 563 5
66 171 7
66 299 4
66 172 4
67 274 9
67 151 2
67 342 1
67 88 7
67 317 9
67 162 7
67 215 8
67 209 6
67 992 6
67 393 5
67 192 4
67 955 5
68 93 1
68 241 8
68 103 6
68 326 7
68 89 9
68 256 2
68 397 4
68 574 8
68 993 5
69 234 4
69 609 10
69 480 3
69 369 10
69 353 3
69 236 7
69 709 9
69 805 3
69 391 6
69 570 3
69 839 4
69 315 4
69 101 4
70 778 5
70 190 4
70 902 5
70 665 3
70 518 10
70 632 2
70 849 8
70 915 6
70 838 7
70 543 1
70 410 7
70 604 7
70 941 2
70 186 5
71 721 7
71 990 9
71 971 1
71 282 6
71 410 3
71 634 3
71 415 2
71 503 5
71 804 7
71 916 6
72 724 7
72 526 9
72 464 10
72 234 3
72 540 1
72 483 6
72 571 8
72 854 5
72 318 2
72 665 1
72 74 9
72 118 7
72 394 5
73 623 2
73 362 2
73 962 3
73 81 2
73 556 1
73 272 4
73 663 6
73 947 6
74 786 2
74 464 4
74 592 9
74 192 3
74 788 7
74 382 7
74 366 1
74 562 8
74 515 6
75 550 1
75 590 2
75 452 6
75 454 10
75 519 10
75 873 5
75 588 8
75 460 8
75 295 2
75 730 9
75 386 8
75 462 9
75 107 7
75 89 8
75 283 7
75 225 8
76 160 5
76 480 6
76 687 1
76 867 5
76 700 6
76 606 9
76 966 10
76 832 9
76 560 1
76 523 9
76 169 9
76 699 5
77 453 3
77 114 8
77 606 7
77 144 6
77 181 1
77 348 5
77 648 9
77 913 6
77 350 10
77 654 1
78 522 4
78 660 2
78 781 3
78 306 2
78 369 9
78 508 3
78 744 4
78 235 8
78 517 10
78 979 9
78 526 7
78 938 3
79 730 6
79 882 2
79 158 5
79 939 7
79 135 2
79 585 4
79 763 8
79 529 6
79 311 8
79 751 10
79 685 7
79 700 2
79 114 3
80 387 6
80 969 3
80 179 2
80 405 10
80 434 8
80 256 6
80 731 7
80 944 6
80 382 5
80 512 2
80 317 4
80 404 9
80 433 10
80 470 6
80 692 2
80 910 5
80 798 6
80 546 2
80 535 6
80 133 9
81 296 6
81 927 9
81 335 4
81 623 6
81 215 10
81 432 8
81 479 1
81 367 8
81 615 3
81 707 4
82 871 9
82 553 2
82 612 2
82 872 6
82 920 5
82 384 6
82 868 7
82 499 3
82 338 6
82 861 9
82 635 1
82 400 8
83 634 2
83 854 7
83 676 8
83 690 1
83 596 3
83 383 8
83 538 4
83 484 8
83 621 10
84 744 6
84 511 7
84 274 6
84 578 3
84 380 5
84 655 6
84 526 10
84 344 9
84 129 4
84 335 9
85 658 3
85 291 2
85 284 7
85 879 5
85 783 9
85 571 6
86 290 4
86 904 3
86 731 8
86 317 9
86 742 7
86 604 7
86 660 1
86 594 9
86 670 9
86 139 5
86 351 1
86 906 5
87 749 1
87 195 5
87 311 4
87 851 3
87 684 1
87 790 4
87 111 6
87 984 8
87 969 8
87 268 1
87 873 7
87 371 8
87 692 9
88 957 3
88 410 9
88 222 2
88 946 2
88 566 1
88 288 3
88 282 8
88 423 7
88 876 8
88 421 6
88 147 1
89 604 6
89 455 4
89 135 5
89 449 7
89 286 4
89 301 5
89 747 5
89 942 1
89 495 7
89 341 6
89 468 9
89 999 7
89 574 4
90 465 10
90 370 2
90 986 3
90 132 6
90 877 5
90 445 7
90 190 6
90 251 1
90 642 3
91 787 1
91 392 5
91 661 2
91 227 7
91 687 4
91 452 4
91 254 3
91 115 10
91 352 1
91 948 8
92 764 7
92 134 6
92 374 6
92 629 1
92 967 8
92 122 10
92 705 3
92 798 1
92 406 5
92 562 5
92 154 7
92 227 7
92 462 6
92 465 9
93 773 4
93 234 6
93 481 7
93 678 1
93 447 9
93 920 9
93 109 3
93 720 2
93 728 8
93 657 2
93 810 5
93 843 6
93 702 2
93 126 1
94 389 8
94 649 8
94 379 6
94 926 10
94 357 2
94 584 5
94 935 6
94 634 4
94 334 9
95 992 7
95 343 2
95 417 3
95 442 9
95 539 2
95 514 4
95 611 1
95 787 7
95 748 8
95 670 1
95 346 9
95 381 7
95 120 8
95 294 7
95 134 5
96 194 9
96 337 5
96 473 9
96 533 3
96 158 1
96 783 3
97 320 8
97 685 4
97 916 10
97 138 5
97 517 2
97 871 3
97 443 3
97 105 5
97 929 10
97 542 10
98 762 8
98 940 6
98 970 10
98 181 1
98 460 7
98 113 8
98 371 8
98 801 7
99 367 2
99 674 9
99 925 6
99 118 6
99 998 6
99 487 6
99 683 1
99 482 1
99 116 3
99 103 6
99 479 3
99 841 7
99 812 6
100 661 10
100 444 6
100 822 9
100 447 3
100 264 5
100 995 9
100 202 5
100 435 4
100 892 10
100 261 1
100 421 1
100 242 4
100 463 3
101 757 5
101 670 8
101 371 10
101 812 8
101 859 2
101 707 4
101 726 9
101 742 4
102 576 3
102 852 9
102 895 5
102 538 3
102 454 3
102 697 9
102 918 8
102 163 8
102 962 9
102 832 6
102 291 1
102 165 3
102 738 8
102 136 10
103 887 7
103 807 10
103 600 9
103 384 7
103 804 1
103 677 10
103 926 8
103 333 6
104 754 1
104 344 1
104 713 3
104 276 9
104 591 3
104 753 8
104 105 8
104 823 2
104 463 6
104 995 10
104 526 10
104 166 5
104 759 2
105 682 7
105 502 8
105 149 5
105 461 10
105 728 3
105 328 1
105 417 5
105 915 2
105 132 5
105 413 5
105 720 6
105 415 10
106 679 2
106 360 8
106 790 8
106 210 3
106 579 4
106 426 1
106 131 10
106 268 3
106 904 4
106 537 3
107 686 5
107 302 8
107 523 8
107 688 3
108 891 6
108 501 7
108 249 7
108 575 8
108 159 3
108 947 9
108 509 3
108 718 10
108 296 2
108 784 4
108 392 3
108 658 5
108 116 10
109 760 9
109 906 10
109 242 9
109 950 2
109 183 7
109 138 8
109 260 10
109 535 8
109 370 1
109 572 9
109 797 3
109 128 3
109 206 3
109 192 5
109 815 2
109 917 2
109 185 9
110 718 3
110 592 5
110 691 5
110 502 7
110 358 10
110 441 5
110 805 5
110 700 4
110 677 2
110 775 1
110 201 4
110 465 5
111 254 6
111 462 1
111 140 6
111 663 7
111 598 2
111 564 9
111 533 10
111 612 3
111 503 5
111 168 5
112 156 1
112 178 5
112 689 3
112 717 8
112 881 8
112 797 4
112 477 4
113 440 7
113 433 7
113 866 10
113 928 9
113 652 8
113 312 9
113 712 3
113 139 2
113 392 3
114 654 10
114 348 5
114 951 10
114 577 8
114 383 3
114 618 8
114 282 9
115 338 8
115 783 8
115 586 4
115 395 8
115 429 6
115 135 7
115 499 9
115 241 2
115 757 10
115 184 5
115 486 2
115 594 2
115 198 3
115 705 7
115 779 9
116 489 8
116 934 6
116 538 4
116 353 7
116 648 1
116 954 4
116 268 3
116 356 2
116 274 2
116 803 8
116 187 2
116 967 1
116 493 8
116 723 8
116 702 5
116 552 9
116 821 1
117 698 5
117 685 5
117 796 1
117 435 6
117 823 5
117 718 10
117 376 6
117 296 6
117 198 5
117 280 1
117 606 9
118 911 2
118 898 7
118 523 7
118 331 1
118 851 9
118 444 3
118 740 4
118 864 5
118 706 8
118 756 9
118 779 8
118 534 8
118 505 1
119 418 3
119 696 9
119 187 9
119 969 6
119 264 2
119 609 7
119 243 5
119 564 5
119 838 7
120 663 3
120 575 6
120 706 5
120 759 6
120 320 5
120 886 2
120 907 8
120 871 3
120 289 5
120 532 6
120 920 4
120 755 5
120 279 2
120 196 8
121 254 9
121 131 4
121 683 6
121 356 1
121 323 1
121 689 3
121 836 8
121 675 3
121 736 1
121 216 1
121 834 5
121 480 3
122 964 7
122 760 6
122 381 7
122 512 5
122 526 3
122 942 9
122 405 1
122 980 8
122 783 3
122 837 1
122 146 9
123 253 1
123 815 6
123 738 2
123 880 1
123 416 7
123 150 4
123 192 2
123 715 5
123 888 4
123 999 6
124 467 3
124 496 2
124 205 6
124 294 5
124 421 10
124 997 8
124 711 7
124 725 8
124 493 1
124 308 5
125 991 7
125 420 8
125 138 5
125 477 7
125 533 6
125 849 6
125 238 3
125 256 1
126 549 7
126 603 6
126 697 2
126 375 7
126 389 5
126 602 9
126 942 1
126 321 1
127 549 3
127 868 10
127 479 10
127 871 1
127 279 10
127 851 8
127 483 8
128 131 1
128 805 7
128 995 5
128 281 5
128 732 10
128 686 10
128 214 7
129 484 5
129 546 6
129 653 6
129 514 10
129 281 8
129 671 10
129 767 10
129 134 4
129 211 8
129 588 7
130 440 3
130 196 2
130 637 3
130 686 6
130 745 7
130 301 3
130 587 6
130 520 2
130 872 7
131 899 1
131 828 10
131 758 5
131 687 6
131 227 1
132 389 2
132 609 5
132 564 5
132 443 10
132 182 9
132 949 9
133 789 3
133 553 4
133 831 9
133 778 5
133 579 10
133 987 8
133 202 1
133 825 2
133 913 9
133 164 8
133 923 5
133 714 10
133 619 1
134 405 4
134 949 10
134 632 9
134 744 6
134 585 7
134 555 9
134 189 10
134 983 7
134 945 1
135 740 6
135 271 9
135 205 9
135 464 2
135 255 10
135 931 9
135 489 2
135 324 10
135 933 3
135 727 4
135 394 2
135 151 10
135 210 10
135 630 3
135 223 10
135 485 7
135 919 2
136 820 4
136 980 9
136 552 9
136 656 7
136 652 3
136 824 2
137 270 10
137 903 7
137 961 4
137 542 2
137 688 10
137 307 10
137 350 8
137 986 8
137 695 3
137 475 5
137 644 9
137 260 10
137 511 1
137 256 1
137 488 10
137 482 7
138 438 1
138 550 9
138 830 7
138 787 9
138 799 8
138 992 4
138 530 3
138 780 10
138 440 1
138 402 9
138 709 2
139 884 9
139 307 7
139 199 1
139 207 1
139 330 3
139 764 2
139 352 3
139 296 7
139 493 9
139 468 4
139 532 7
140 643 1
140 785 4
140 231 4
140 149 1
140 587 9
140 789 5
140 422 3
140 391 2
140 724 10
140 392 10
140 205 6
140 428 10
140 672 5
140 167 6
140 657 10
140 558 9
140 204 7
140 530 2
141 224 2
141 154 2
141 893 1
141 722 8
141 610 6
141 872 1
141 422 9
141 753 3
141 271 7
141 594 10
141 883 6
141 790 8
141 209 7
142 228 8
142 271 4
142 851 4
142 811 1
142 275 5
142 648 1
142 803 3
142 903 5
142 908 5
142 192 6
142 694 1
142 855 9
142 836 7
143 432 1
143 335 5
143 189 1
143 515 10
143 737 10
143 809 3
143 191 4
143 770 7
143 810 10
143 812 3
143 697 9
143 841 1
143 912 2
143 526 7
144 679 1
144 253 1
144 523 6
144 339 10
144 568 5
144 747 7
144 965 5
144 500 9
144 280 9
145 846 8
145 758 8
145 356 10
145 591 2
145 995 9
145 577 7
145 792 9
145 524 6
145 474 7
145 747 10
145 704 10
146 469 2
146 597 1
146 890 7
146 869 9
146 676 5
146 693 1
146 323 3
146 615 5
146 787 5
146 655 8
147 419 7
147 735 9
147 320 2
147 203 6
147 825 1
147 601 3
147 633 4
147 305 5
147 229 5
147 553 9
148 392 10
148 879 3
148 482 8
148 889 8
148 788 5
148 990 10
148 543 1
148 221 6
148 970 3
149 441 10
149 823 7
149 759 7
149 504 5
149 728 1
149 859 5
149 990 6
149 819 6
149 974 6
149 451 1
149 744 6
149 327 5
149 866 8
150 203 7
150 850 8
150 775 10
150 818 2
150 786 9
151 565 2
151 671 5
151 807 3
151 241 1
151 389 1
151 335 2
151 600 8
151 642 4
151 580 4
151 948 5
151 713 7
151 352 10
151 733 2
152 558 5
152 830 8
152 663 3
152 457 9
152 620 2
152 418 6
152 536 9
152 972 2
152 394 5
152 374 8
152 287 7
152 161 3
152 676 1
152 668 6
152 758 4
152 815 5
152 968 9
153 341 2
153 561 1
153 168 1
153 183 9
153 424 4
153 529 4
153 191 9
153 620 6
153 484 9
153 334 3
153 166 10
154 450 1
154 513 3
154 724 5
154 353 1
154 251 3
154 874 10
154 674 10
154 508 3
155 507 6
155 428 6
155 766 2
155 349 9
155 797 10
155 272 3
156 203 3
156 710 7
156 244 1
156 445 2
156 703 1
156 778 8
156 530 2
156 489 8
156 302 5
156 630 10
156 210 1
156 598 3
156 226 5
156 436 4
157 852 7
157 166 5
157 619 6
157 594 7
157 389 9
157 649 4
157 732 9
157 502 4
157 950 10
157 718 6
157 564 2
157 512 10
157 427 7
157 841 8
157 165 9
158 194 5
158 767 6
158 993 3
158 744 8
158 217 9
158 282 7
158 436 3
158 610 4
158 460 4
158 223 1
159 220 1
159 566 6
159 827 9
159 364 10
159 632 10
159 310 10
159 382 5
159 642 4
159 327 8
160 245 8
160 444 7
160 956 4
160 485 2
160 762 8
160 618 10
161 464 6
161 448 5
161 559 7
161 349 8
161 772 9
161 871 7
161 450 8
161 416 7
161 451 7
161 376 5
161 826 9
161 999 2
161 370 4
161 511 9
161 546 10
161 325 1
161 180 10
162 918 3
162 726 3
162 624 1
162 309 3
162 782 3
162 330 10
162 561 2
163 825 3
163 642 3
163 806 8
163 695 7
163 833 2
163 781 5
163 415 5
163 565 3
163 864 9
163 517 6
163 456 10
163 972 1
163 180 10
164 878 5
164 781 10
164 749 8
164 302 10
164 293 1
164 188 4
164 606 8
164 398 1
164 567 8
164 946 1
164 360 1
165 552 3
165 759 1
165 989 10
165 330 9
165 604 2
165 351 10
165 688 3
165 799 6
165 312 6
166 379 3
166 999 3
166 326 7
166 748 1
166 577 7
166 230 6
166 874 9
166 546 3
166 265 2
167 250 1
167 838 4
167 508 7
167 857 7
167 255 6
167 815 5
167 295 5
167 365 2
168 263 9
168 311 8
168 952 5
168 450 8
168 460 1
168 669 6
168 192 5
168 504 10
168 449 1
169 271 3
169 860 4
169 811 7
169 924 9
169 630 4
169 664 4
169 775 8
169 450 8
169 862 1
170 416 2
170 710 10
170 436 7
170 363 10
170 568 4
170 380 7
170 580 7
170 905 6
170 816 10
170 264 9
170 406 7
170 811 7
170 472 1
170 633 7
171 620 2
171 500 1
171 327 3
171 971 3
171 994 2
171 270 10
171 655 1
171 423 6
171 813 9
171 652 10
171 475 9
171 556 6
172 797 8
172 656 10
172 471 1
172 799 5
172 551 2
172 590 10
172 438 7
172 713 2
173 674 5
173 360 3
173 701 9
173 389 10
173 516 4
173 629 9
173 312 5
173 592 7
174 184 2
174 491 3
174 350 1
174 211 4
174 865 9
174 336 9
174 224 1
174 261 7
174 786 2
174 289 9
174 855 7
174 591 7
175 650 6
175 820 4
175 674 9
175 719 1
175 250 2
175 778 1
175 808 1
175 923 4
176 462 2
176 833 2
176 781 4
176 436 8
176 647 6
176 350 4
177 565 4
177 616 5
177 470 5
177 953 8
177 865 2
177 459 8
177 662 1
177 592 7
177 752 9
177 499 1
177 678 1
177 486 5
177 343 7
178 924 8
178 271 6
178 653 8
178 528 5
178 324 6
178 895 6
178 583 5
178 794 10
178 551 4
178 931 8
178 625 3
179 481 4
179 425 2
179 440 8
179 658 9
179 943 5
179 625 10
179 641 10
179 758 2
179 502 7
179 834 8
179 661 4
179 655 4
179 267 1
179 852 9
179 309 10
179 827 8
179 663 9
179 996 7
179 424 7
180 224 4
180 751 7
180 857 3
180 242 7
180 431 7
180 455 6
180 567 2
181 902 7
181 321 8
181 940 3
181 746 9
181 983 10
181 320 1
181 708 5
181 459 5
181 552 7
181 949 4
181 575 9
182 780 4
182 594 4
182 550 1
182 981 8
182 487 5
182 426 5
182 451 10
182 660 1
182 465 6
183 754 1
183 309 2
183 228 9
183 579 5
183 379 5
183 571 3
183 464 1
183 787 2
183 721 3
183 919 2
183 427 3
184 279 1
184 973 1
184 842 4
184 418 6
184 698 2
184 276 6
184 797 3
184 944 2
184 461 5
184 563 3
184 827 9
184 638 4
184 706 1
184 610 5
185 284 4
185 851 5
185 300 1
185 448 10
185 687 6
185 481 5
185 641 5
185 496 8
186 332 8
186 646 5
186 601 6
186 638 1
186 292 8
187 285 5
187 969 2
187 502 7
187 401 1
187 643 1
188 988 5
188 772 7
188 938 8
188 644 5
188 533 9
188 510 3
188 874 1
188 325 7
188 382 9
188 259 3
188 378 8
189 196 2
189 379 3
189 904 4
189 917 8
189 415 7
189 204 2
189 450 10
190 753 6
190 507 2
190 442 5
190 655 6
190 433 7
190 231 9
190 852 8
191 680 7
191 508 6
191 441 8
191 549 5
191 930 5
191 378 9
191 985 6
191 561 8
191 556 4
191 398 8
192 329 4
192 856 6
192 452 2
192 305 1
192 873 1
192 503 1
192 851 5
193 714 1
193 959 8
193 765 10
193 421 9
193 298 5
193 877 10
194 196 9
194 590 8
194 635 1
194 282 2
194 320 6
194 985 4
194 997 6
194 351 1
194 510 7
194 580 7
194 396 2
194 197 3
194 348 2
194 752 4
195 943 2
195 662 8
195 849 7
195 800 3
195 356 9
195 306 3
196 591 10
196 497 10
196 980 2
196 246 1
196 917 4
196 732 1
197 675 8
197 323 7
197 828 9
197 775 5
197 827 7
197 896 3
197 328 8
197 231 7
197 293 2
197 257 6
198 303 10
198 927 6
198 376 10
198 301 3
198 921 1
198 297 3
198 338 10
198 737 6
198 784 2
199 589 2
199 575 7
199 910 6
199 465 6
199 532 4
199 656 7
199 502 2
200 337 9
200 468 10
200 750 7
200 625 1
200 390 8
200 585 4
200 457 4
200 284 4
201 686 2
201 650 10
201 468 7
201 794 2
201 551 4
202 956 9
202 262 4
202 904 6
202 924 6
202 499 10
202 837 5
203 733 6
203 732 8
203 393 10
203 721 7
203 623 4
203 620 9
203 471 2
203 369 8
203 512 4
203 765 7
203 346 7
204 836 5
204 859 6
204 907 10
204 502 5
204 666 7
204 577 8
204 429 10
204 491 10
204 748 9
204 796 1
204 273 3
204 754 7
204 701 1
204 890 10
205 706 10
205 490 10
205 377 7
205 852 5
205 222 9
205 600 3
205 808 4
205 328 9
205 950 9
205 609 2
206 300 2
206 847 2
206 628 5
206 842 1
206 366 2
206 903 6
206 655 4
206 796 10
207 517 6
207 705 4
207 635 10
207 535 1
207 234 7
207 819 6
207 775 7
207 663 3
207 823 3
207 343 4
208 703 2
208 475 10
208 420 1
208 261 4
208 379 8
208 997 6
208 771 4
208 423 1
208 559 6
209 685 1
209 308 10
209 406 7
209 895 1
210 578 4
210 734 7
210 219 2
210 530 6
210 339 3
210 670 7
210 697 4
210 575 7
210 616 6
211 852 6
211 246 8
211 533 7
211 833 9
211 824 8
211 693 8
211 670 10
211 530 2
211 271 1
211 668 3
211 555 1
212 640 8
212 600 7
212 531 9
212 721 8
212 984 1
212 462 7
212 704 6
212 845 3
212 868 5
212 813 5
212 310 8
213 890 7
213 681 6
213 671 7
213 348 7
213 675 5
214 363 6
214 448 9
214 242 8
214 255 2
214 280 8
214 639 7
214 757 1
214 712 7
214 626 5
214 913 6
214 291 8
214 719 10
215 619 8
215 366 9
215 293 8
215 785 2
215 312 2
215 490 7
215 690 8
215 434 7
215 591 6
216 935 1
216 987 7
216 335 2
216 270 4
216 968 9
216 959 4
216 922 8
216 844 4
216 995 6
216 751 4
216 352 10
216 287 9
216 550 10
216 678 5
217 322 6
217 499 7
217 657 5
217 604 5
218 885 4
218 518 8
218 523 3
218 488 8
218 643 1
218 679 8
218 792 10
218 782 7
219 552 10
219 723 7
219 349 5
219 456 9
219 490 8
219 362 10
219 988 8
219 520 2
219 558 10
219 227 6
219 946 3
219 526 6
220 440 6
220 385 8
220 279 8
220 855 2
220 246 3
220 268 5
220 402 10
220 833 1
220 745 5
221 756 7
221 832 10
221 459 3
221 967 5
221 537 10
221 605 9
222 303 8
222 454 3
222 552 10
222 490 2
222 350 9
222 939 2
222 243 4
222 836 2
222 973 2
222 541 8
223 238 10
223 476 1
223 780 6
223 763 3
223 435 1
223 407 4
223 258 4
223 973 8
223 915 10
223 996 10
223 628 8
224 570 2
224 279 4
224 651 5
224 226 10
224 611 7
224 589 6
224 616 7
224 779 1
224 359 4
224 475 10
225 459 3
225 499 9
225 779 2
225 979 4
225 546 6
225 693 6
225 269 2
225 351 5
225 861 5
226 301 7
226 663 9
226 515 8
226 341 9
226 533 3
226 884 9
226 456 3
226 654 8
226 877 8
226 904 6
226 631 8
226 729 2
226 375 6
227 481 6
227 836 7
227 522 9
227 799 6
227 702 6
227 379 4
227 407 7
227 422 10
227 913 1
227 800 8
228 854 9
228 365 3
228 363 2
228 519 8
228 864 8
228 401 10
228 528 2
229 358 4
229 867 4
229 520 3
229 429 10
229 233 4
229 978 10
229 760 8
229 474 8
230 825 3
230 557 10
230 861 5
230 354 2
230 964 5
230 307 7
230 281 1
230 662 3
230 933 3
230 286 8
230 779 7
231 633 8
231 880 5
231 587 1
231 543 8
231 307 6
231 607 9
231 857 3
231 254 9
231 283 10
231 553 3
231 567 4
232 369 6
232 294 10
232 603 8
232 824 2
232 765 10
232 427 6
232 266 9
232 314 9
233 791 3
233 892 1
233 423 5
233 738 7
233 502 5
233 758 7
233 889 5
233 932 9
233 321 9
233 333 3
233 417 6
234 841 3
234 960 7
234 833 3
234 253 4
235 602 5
235 621 10
235 512 1
235 253 5
235 388 4
235 676 7
235 387 9
235 765 4
235 718 1
235 333 7
235 875 8
236 392 9
236 257 5
236 467 8
236 611 10
236 742 2
236 395 8
236 610 5
236 237 3
236 643 5
237 295 5
237 472 3
237 547 5
237 858 2
237 473 10
237 943 2
237 499 7
237 715 2
237 970 1
237 854 2
238 875 8
238 890 2
238 653 4
238 554 10
238 997 1
238 931 3
238 499 7
238 262 2
238 725 1
238 593 2
239 703 6
239 392 6
239 482 9
239 546 7
239 449 10
239 296 1
239 773 5
239 278 7
239 378 7
239 837 10
239 545 3
240 413 9
240 769 8
240 292 2
240 646 3
240 908 5
240 338 5
240 836 7
240 671 6
240 753 10
240 745 4
240 916 10
241 875 1
241 395 7
241 392 3
241 902 7
241 568 9
241 309 6
241 710 6
241 717 10
241 571 2
242 869 4
242 885 6
242 809 1
242 328 2
242 298 6
242 269 10
242 748 4
243 285 5
243 602 1
243 736 1
243 308 10
243 542 5
243 355 8
243 304 7
243 398 5
243 380 7
243 676 1
244 271 6
244 641 1
244 585 2
244 316 4
244 429 2
244 312 4
244 866 7
244 868 2
244 368 6
244 328 7
244 423 10
244 500 7
244 960 9
244 663 2
244 342 4
245 314 8
245 818 9
245 600 5
245 937 7
245 506 7
245 640 3
246 707 1
246 699 3
246 361 5
246 750 1
246 869 3
246 580 9
246 511 8
246 272 6
246 783 3
246 328 3
246 456 7
246 576 10
246 586 9
246 507 3
247 737 9
247 588 8
247 326 3
247 310 8
247 893 10
247 767 4
247 627 3
248 484 9
248 642 2
248 397 1
248 712 3
248 926 5
248 333 7
248 475 8
248 808 10
248 252 4
249 409 5
249 461 5
249 313 4
249 483 9
249 341 6
249 713 7
249 758 6
249 636 7
249 788 9
249 635 4
249 947 1
250 281 10
250 900 4
250 486 6
250 543 5
250 824 7
250 758 10
250 903 2
251 850 7
251 511 8
251 631 10
251 531 4
252 762 2
252 592 5
252 285 3
252 817 6
252 738 1
252 804 5
252 437 3
252 893 4
253 860 9
253 972 7
253 724 9
253 696 2
253 769 7
253 779 4
253 283 7
253 672 5
253 453 9
253 335 8
254 273 9
254 985 6
254 958 9
254 787 10
254 566 5
254 329 5
254 991 6
254 493 7
254 280 7
254 269 1
254 394 5
254 583 2
255 473 2
255 698 10
255 570 7
255 983 8
255 563 1
255 645 5
255 854 5
255 596 5
256 467 4
256 694 10
256 817 8
256 369 7
256 699 9
256 588 3
256 575 7
256 861 6
256 331 10
256 795 2
257 994 9
257 500 4
257 966 1
257 761 10
257 813 4
257 385 8
257 677 1
257 445 8
258 431 9
258 322 5
258 741 4
258 834 1
258 674 5
258 622 7
258 560 7
258 854 6
258 284 8
259 382 4
259 484 9
259 267 5
259 495 7
259 492 10
259 930 4
260 653 3
260 405 6
260 487 10
260 762 1
260 809 7
261 470 10
261 681 2
261 782 5
261 791 5
261 655 5
262 716 7
262 765 2
262 358 2
262 659 3
262 395 9
263 735 10
263 345 2
263 418 3
263 979 1
263 829 7
263 640 2
263 878 9
263 331 9
264 348 10
264 327 6
264 915 6
264 742 7
264 417 4
264 561 9
264 631 5
264 978 8
264 643 5
265 769 10
265 738 10
265 939 1
265 302 3
265 882 5
265 324 8
265 732 1
266 388 9
266 720 9
266 839 5
266 599 5
266 564 3
266 369 10
266 422 6
266 451 3
267 957 5
267 993 2
267 669 2
267 368 10
267 871 5
267 974 2
267 671 7
267 801 1
268 652 4
268 688 9
268 793 4
268 485 3
268 307 5
269 764 7
269 736 3
269 356 7
269 450 6
269 476 4
269 851 2
269 751 8
269 759 5
269 554 1
270 618 1
270 517 4
270 946 9
270 744 4
270 709 5
270 420 7
270 303 9
270 569 6
270 657 1
271 399 8
271 985 4
271 346 2
271 666 1
271 990 3
271 872 8
271 553 6
271 676 2
271 832 7
272 930 2
272 541 6
273 686 1
273 768 3
273 562 5
273 840 3
273 820 6
273 460 8
273 976 3
273 362 6
273 586 9
273 619 3
273 620 9
273 821 2
273 919 10
274 606 3
274 308 3
274 506 4
274 636 5
275 841 5
275 647 4
275 750 6
275 577 7
275 942 10
275 746 2
275 667 4
275 587 5
275 482 7
275 422 4
275 288 6
275 420 1
276 947 5
276 666 10
276 637 2
276 823 3
276 973 10
276 343 8
276 998 7
276 714 5
277 313 4
277 551 9
277 486 7
277 845 5
277 908 3
277 676 9
277 326 9
277 535 7
277 701 6
278 288 9
278 343 6
278 965 5
278 453 10
278 712 3
278 536 5
278 855 7
278 957 9
278 291 5
278 463 1
279 425 3
279 850 2
279 460 8
279 479 3
279 649 10
279 878 2
279 936 2
279 774 5
280 738 1
280 897 6
280 377 1
280 854 4
280 756 8
281 450 3
281 405 10
281 605 10
281 445 9
281 548 2
281 286 9
281 658 8
281 889 1
281 888 6
281 880 9
281 287 3
282 901 3
282 445 9
282 532 2
282 412 5
282 696 9
282 598 9
282 941 5
282 513 4
283 652 1
283 495 5
283 887 5
283 344 4
283 882 4
283 446 2
283 545 10
283 787 10
283 433 8
283 504 9
284 603 3
284 348 6
284 389 3
284 770 8
284 767 5
284 560 6
284 971 8
285 885 8
285 791 7
285 902 4
285 780 1
285 665 2
285 770 4
285 438 10
285 473 4
285 783 6
285 523 10
286 901 10
286 563 7
286 728 4
286 523 8
286 410 1
286 797 7
287 947 10
287 385 6
287 611 2
287 863 3
287 861 1
288 796 4
288 506 2
288 676 8
288 706 10
288 886 7
288 381 2
288 987 10
289 611 4
289 723 4
289 939 3
289 794 5
289 886 7
289 305 9
289 627 7
290 694 9
290 395 5
290 866 6
290 345 8
290 841 5
290 612 7
290 755 2
290 587 7
290 742 8
290 426 3
290 394 2
291 378 2
291 587 9
291 625 3
291 343 10
291 797 6
291 743 6
291 799 10
291 361 8
291 353 10
292 433 8
292 365 4
292 626 7
292 549 1
292 661 5
292 888 9
292 898 9
292 530 8
292 847 10
293 924 4
293 851 3
293 518 3
293 728 4
293 474 2
293 480 5
293 496 3
294 448 1
294 693 9
294 991 8
294 978 10
294 328 4
294 712 3
294 839 6
294 437 5
294 914 10
295 449 7
295 678 4
295 794 1
295 789 5
295 501 8
295 550 5
295 456 6
295 893 2
295 981 5
295 994 4
295 570 9
296 335 5
296 558 5
296 948 5
296 299 1
296 442 9
296 301 8
296 784 2
296 992 9
296 390 7
297 555 7
297 968 1
297 466 1
297 368 6
297 731 9
297 687 9
297 877 5
297 417 4
298 733 3
298 439 10
298 423 6
298 752 1
298 816 6
298 577 3
298 653 2
298 560 3
298 727 4
298 450 9
298 399 9
298 672 1
298 542 10
299 566 8
299 817 10
299 888 4
299 921 3
300 565 3
300 445 8
300 558 5
300 369 7
300 426 9
301 543 6
301 474 5
301 463 6
301 348 8
301 555 5
301 432 2
301 478 7
302 567 2
302 716 10
302 931 5
302 764 7
302 864 3
302 676 9
302 809 2
302 963 3
302 633 7
302 401 8
302 662 9
302 803 9
302 558 6
302 839 5
302 907 10
302 367 6
302 722 3
304 880 2
304 415 2
304 996 7
304 819 2
304 895 2
305 640 9
305 360 7
305 743 8
305 571 3
305 423 1
305 971 3
305 653 10
305 339 9
306 954 2
306 925 7
306 601 3
306 607 2
306 486 7
306 431 6
306 902 8
306 693 5
306 487 1
306 524 9
306 786 4
306 533 8
306 583 9
307 468 6
307 519 8
307 912 8
307 423 1
307 385 3
307 498 4
307 830 1
307 518 6
308 415 8
308 791 6
308 533 6
308 896 9
308 430 8
308 677 7
308 621 10
308 487 1
308 356 2
308 819 2
308 683 6
309 720 2
309 865 3
309 664 2
309 494 5
309 337 7
309 897 8
309 344 2
309 477 1
309 911 4
309 973 8
309 811 1
309 846 2
310 815 3
310 640 9
310 979 6
310 318 10
310 453 10
310 410 1
311 705 5
311 504 5
311 803 6
311 702 6
311 911 1
311 792 1
311 695 1
311 744 4
311 580 5
311 505 8
311 726 9
312 358 9
312 582 8
312 640 7
312 729 7
312 498 9
312 536 5
312 341 6
313 456 3
313 602 9
313 710 7
313 808 1
314 609 2
314 476 3
314 744 10
314 387 7
314 430 6
314 591 10
314 840 2
315 683 6
315 900 10
315 815 6
315 826 10
315 367 9
315 455 1
315 474 7
315 803 1
315 374 5
315 429 7
315 769 5
315 978 3
315 658 9
315 359 9
316 682 10
316 943 1
316 371 3
316 407 2
316 555 6
316 399 8
316 705 10
316 747 4
317 688 4
317 891 8
317 472 3
317 990 10
317 955 9
317 546 8
317 536 3
317 466 7
318 987 5
318 564 7
318 788 9
318 335 8
318 726 5
319 730 8
319 589 1
319 614 10
319 378 4
319 351 9
319 352 2
319 430 5
319 958 1
319 993 4
319 654 7
319 340 7
319 627 10
319 356 3
319 753 10
320 437 6
320 589 3
320 423 9
320 611 9
320 376 10
320 436 9
320 701 6
320 403 8
320 560 5
321 765 2
321 733 2
321 805 6
321 679 10
321 407 10
321 451 3
321 979 1
321 477 7
321 670 6
321 728 3
321 362 4
322 862 5
322 439 6
322 948 4
322 504 7
322 924 3
322 876 3
322 726 3
323 410 1
323 535 5
323 951 7
323 642 7
323 443 7
323 981 3
323 418 5
323 819 1
323 705 7
323 804 6
323 925 3
323 694 7
323 846 5
324 609 9
324 977 5
324 657 2
324 500 2
324 369 3
324 668 5
324 571 6
324 898 7
324 681 7
325 762 6
325 463 4
325 606 9
325 616 8
325 538 6
325 497 8
325 640 1
325 617 7
326 953 3
326 751 1
326 591 2
326 537 2
326 991 2
326 901 4
326 791 7
327 914 2
327 683 3
327 936 4
327 737 6
327 676 7
328 341 5
328 617 10
328 845 3
328 390 7
328 352 6
328 361 9
329 670 9
329 890 7
329 622 2
329 565 10
329 848 9
329 397 2
329 775 4
329 903 4
329 656 7
329 856 1
330 872 4
330 618 4
330 639 8
330 848 7
330 727 10
330 611 2
330 419 3
330 377 1
330 893 4
331 613 4
331 488 7
331 720 9
331 889 7
331 664 5
331 356 7
331 623 8
331 701 6
331 423 8
331 563 3
332 701 9
332 815 4
332 729 7
332 738 4
332 989 9
332 574 7
332 884 2
332 655 2
332 363 2
332 563 10
332 740 10
332 887 2
332 903 5
332 411 9
333 374 7
333 877 3
333 937 7
333 569 4
333 568 8
333 429 5
334 418 9
334 465 1
334 765 1
334 549 6
334 753 5
334 497 8
335 574 9
335 956 10
335 527 10
335 874 4
335 499 5
335 794 4
335 506 7
336 408 5
336 872 5
336 792 8
336 832 2
336 461 6
337 421 4
337 686 5
337 450 6
337 459 8
337 539 4
337 716 3
338 880 7
338 638 7
338 417 7
338 360 10
338 423 2
338 662 4
338 573 6
338 993 10
338 477 7
338 365 2
338 737 2
338 681 5
339 549 4
339 890 3
339 671 10
339 377 2
339 579 2
339 393 8
339 988 5
339 828 4
339 939 9
339 707 6
339 380 5
339 465 5
339 750 6
339 818 9
339 751 4
339 662 6
340 946 9
340 353 3
340 774 3
340 928 5
340 861 7
340 646 9
340 543 10
341 730 6
341 349 1
341 698 5
342 440 6
342 762 10
342 789 10
342 631 1
343 810 6
343 973 6
343 457 9
343 670 9
343 934 10
343 917 1
343 901 8
343 660 4
343 537 10
344 684 1
344 677 5
344 519 1
345 779 1
345 862 5
345 754 9
345 444 8
345 431 3
345 673 1
345 693 10
345 436 6
346 891 2
346 793 3
346 833 4
346 531 5
346 733 10
346 820 1
346 633 4
346 853 8
346 553 2
346 452 2
347 745 1
347 847 8
347 359 5
347 763 7
347 997 6
347 813 5
347 775 3
347 384 6
348 451 2
348 956 10
348 621 3
348 734 2
348 983 4
348 421 7
349 663 5
349 973 10
349 363 10
350 559 5
350 419 10
350 834 4
350 944 5
350 557 6
351 734 1
351 857 5
351 869 3
351 807 1
351 836 9
351 993 9
351 374 2
351 547 7
351 671 9
352 867 6
352 435 4
352 529 2
352 717 6
352 964 2
352 934 10
352 827 9
352 898 7
352 358 3
352 792 1
353 746 3
353 967 3
353 881 4
353 838 8
353 703 5
353 498 4
353 381 7
354 946 1
354 471 5
354 651 8
354 679 5
354 684 2
355 726 6
355 975 5
355 356 6
355 403 8
355 930 2
355 774 8
355 430 4
356 418 5
356 494 5
356 900 2
356 786 5
356 593 5
357 955 6
357 794 8
357 952 3
357 491 8
357 470 7
357 668 8
358 938 3
358 390 9
358 631 1
358 573 9
358 562 10
359 656 1
359 744 6
359 457 7
359 881 7
359 545 6
359 739 4
359 986 3
359 559 10
359 888 6
359 490 10
359 686 8
360 821 7
360 559 10
360 865 4
360 717 10
360 575 2
360 955 2
360 700 1
360 843 10
361 629 6
361 597 7
361 415 7
361 685 4
361 528 4
361 431 2
362 441 8
362 798 7
362 894 9
362 692 1
362 567 8
362 638 2
362 814 1
362 652 5
363 816 7
363 397 9
363 640 3
363 393 1
363 854 10
364 566 3
364 405 7
364 660 5
364 631 7
364 978 8
364 409 3
365 807 3
365 881 10
365 456 2
366 714 7
366 548 4
366 542 8
366 915 1
366 741 10
366 690 5
367 383 3
367 588 9
367 660 8
367 974 4
367 730 10
367 714 7
367 687 2
367 768 1
367 797 10
367 833 7
367 793 3
367 840 6
367 957 2
367 498 2
367 647 10
368 709 6
368 779 10
368 718 7
368 860 1
368 573 5
368 984 8
368 885 4
368 953 6
369 567 9
369 956 7
369 940 9
369 397 8
369 407 8
369 429 3
369 721 8
370 882 6
370 408 3
370 650 6
370 530 6
370 796 2
370 375 9
370 812 6
370 720 4
370 627 8
370 633 4
370 595 8
371 899 4
371 566 5
371 765 8
371 707 1
372 441 10
372 381 8
372 525 2
372 483 5
372 845 8
372 672 1
372 514 7
372 877 6
372 934 3
372 660 9
372 690 10
372 998 9
373 854 6
373 920 4
373 749 10
373 692 2
373 402 1
373 983 10
373 827 7
373 874 9
374 543 1
374 782 1
374 412 2
374 773 10
374 430 10
374 387 10
374 626 8
374 433 1
374 476 4
374 375 6
375 542 8
375 843 4
375 464 3
375 910 1
375 590 2
375 486 8
376 702 1
376 818 4
376 946 1
376 629 8
376 773 7
376 819 4
376 695 1
377 785 9
377 484 1
377 465 3
377 586 5
377 898 3
377 605 6
377 813 1
377 721 3
378 596 10
378 922 3
378 457 10
378 566 10
378 395 1
379 677 4
379 686 4
379 706 7
379 971 8
379 527 10
379 895 8
379 641 10
380 962 2
380 895 6
380 454 8
380 635 10
380 510 5
380 789 1
380 865 8
380 495 4
381 756 10
381 469 1
381 702 5
381 918 1
381 500 9
381 770 10
381 459 4
382 780 1
382 665 5
382 514 2
382 403 7
382 620 7
382 710 7
382 888 7
382 972 10
382 534 3
382 980 7
382 561 4
382 396 4
382 524 3
383 976 4
383 912 5
383 400 1
383 859 5
383 526 2
384 981 10
384 963 5
384 462 9
384 909 4
384 897 6
384 784 10
384 672 2
384 912 9
384 774 4
385 572 4
385 611 2
385 538 3
385 673 7
385 872 2
385 669 1
385 596 3
385 796 3
386 556 10
386 928 9
386 689 4
386 565 1
386 989 3
386 705 3
387 902 8
387 412 2
387 848 2
387 563 2
388 473 3
388 962 3
388 900 1
388 684 4
388 556 8
388 843 4
388 415 7
388 625 1
388 594 2
388 751 5
388 919 4
388 839 10
388 699 9
388 434 6
389 488 1
389 461 4
389 546 10
389 477 9
389 676 7
389 635 1
389 520 10
389 737 8
390 610 5
390 395 2
390 585 9
390 598 7
390 611 10
390 804 9
390 906 9
390 542 6
390 396 8
390 448 9
390 628 8
390 836 6
390 590 3
390 415 10
391 893 2
391 634 1
391 514 9
391 459 8
391 699 6
391 800 7
391 533 10
391 728 4
391 397 9
392 972 1
392 588 2
392 942 9
392 670 9
392 515 6
392 788 4
393 506 10
393 473 4
393 884 4
393 834 5
393 747 4
393 428 7
393 953 7
393 744 10
393 568 9
393 676 5
394 921 2
394 706 10
394 544 7
395 979 3
395 516 8
396 418 5
396 650 8
396 935 10
396 881 2
396 557 4
396 860 6
396 673 2
396 899 1
396 872 10
396 571 6
396 470 4
397 464 6
397 797 3
397 625 3
397 428 3
397 569 1
397 414 2
397 461 2
397 856 6
398 430 6
398 693 2
398 757 9
398 439 8
398 484 7
399 771 6
399 894 2
399 661 4
399 722 8
399 680 10
399 712 8
400 600 4
400 586 6
400 815 5
400 472 10
400 926 8
401 678 7
401 601 7
401 794 7
401 436 7
402 517 6
402 631 2
402 541 3
402 501 1
402 820 8
402 585 10
402 749 4
402 918 5
402 624 2
403 928 7
403 839 2
403 610 3
403 805 8
403 604 4
403 490 9
403 524 9
404 809 2
404 613 8
404 917 3
404 741 1
404 841 8
404 415 4
404 660 1
404 447 6
404 667 2
404 410 2
405 905 4
405 971 8
405 678 6
405 550 3
405 741 2
405 448 9
406 964 9
406 690 7
406 882 3
406 806 5
406 814 9
406 609 4
406 565 1
406 517 4
406 598 8
406 773 9
406 536 4
406 982 6
407 665 9
407 527 1
407 951 2
407 987 1
407 808 4
407 482 5
407 986 7
407 722 5
407 905 3
408 687 5
408 464 3
408 998 1
408 689 2
408 561 5
408 513 9
408 487 5
409 521 5
409 761 10
409 662 1
409 410 4
409 798 10
409 582 2
410 924 5
410 503 5
410 967 9
410 536 4
410 547 2
410 843 4
410 804 1
410 628 3
410 604 10
411 867 2
411 512 9
411 718 4
411 710 2
411 516 8
411 632 9
412 713 6
412 716 6
412 527 6
413 885 6
413 518 6
413 614 2
413 439 1
413 549 6
413 952 1
413 867 2
413 446 1
413 864 9
414 741 6
414 708 8
414 726 10
414 816 2
414 974 4
414 645 5
414 787 3
414 585 9
414 794 10
414 953 7
414 496 4
415 652 4
415 918 9
415 982 1
415 613 4
416 826 5
416 895 4
416 500 7
416 843 1
416 518 3
416 972 5
417 630 4
418 814 10
418 506 3
419 843 6
419 713 6
419 525 7
419 720 3
419 738 1
419 452 8
419 654 9
420 433 6
420 787 8
420 850 8
421 821 3
421 579 6
421 564 5
421 804 5
421 941 5
421 510 8
421 908 7
421 984 4
421 461 7
421 592 1
422 707 1
422 991 6
422 532 7
422 927 4
422 978 9
422 782 4
422 770 7
422 755 1
423 473 3
423 504 9
423 554 8
423 687 6
423 996 4
423 537 6
423 424 4
423 833 6
424 466 5
424 874 2
424 906 2
424 452 9
424 642 9
424 830 5
424 917 9
425 747 5
425 495 6
425 718 2
425 525 8
425 942 4
425 727 1
425 433 1
425 556 3
425 841 2
425 764 1
425 825 6
425 775 1
425 759 1
426 620 2
426 584 3
426 585 7
426 597 3
426 713 2
426 570 4
426 937 1
426 619 9
426 454 8
426 979 5
426 952 10
427 655 8
427 903 9
427 737 7
427 690 3
427 471 4
428 540 10
428 630 9
428 708 2
428 988 4
428 928 10
428 469 9
429 558 4
429 673 8
429 551 8
429 553 7
429 464 6
429 676 3
429 503 4
429 992 10
429 846 5
429 717 2
430 680 2
430 842 8
430 986 10
430 534 4
431 759 10
431 819 5
432 714 5
432 610 2
432 710 1
432 867 2
433 621 8
433 849 4
433 768 8
433 520 2
433 808 6
433 916 5
433 578 7
433 489 6
434 706 7
434 677 2
434 544 4
434 855 5
434 565 7
434 619 10
434 746 9
434 858 8
435 797 9
435 952 8
435 543 4
435 707 1
436 516 5
436 702 2
436 981 1
436 770 5
437 722 5
437 846 4
437 695 4
437 681 6
437 776 1
437 708 5
437 874 2
438 598 9
438 545 1
438 647 2
438 981 3
438 753 3
438 875 8
439 602 1
439 826 10
439 587 5
439 991 7
439 671 8
439 648 2
439 542 7
440 804 10
440 619 5
440 616 9
440 825 1
440 815 8
440 784 9
440 648 1
440 795 2
441 965 3
441 664 4
441 605 8
441 787 1
442 752 10
442 673 6
442 876 6
442 719 3
442 625 6
443 983 7
443 841 9
443 957 10
444 610 3
444 865 6
444 629 7
444 648 9
444 836 9
444 792 10
444 593 6
445 678 6
445 699 4
445 793 2
445 536 10
445 803 5
445 959 8
445 558 2
445 891 4
446 620 5
446 725 2
446 497 10
446 476 5
446 599 5
446 603 3
446 911 3
446 889 2
447 864 2
447 910 10
447 715 1
447 810 9
447 998 9
448 921 5
448 505 2
448 449 4
448 738 2
448 800 7
448 739 2
448 750 4
448 978 1
448 744 3
448 572 5
448 647 1
449 506 1
449 750 7
449 977 10
450 865 4
450 916 10
450 743 8
451 807 3
451 584 9
451 559 5
451 687 10
452 564 1
452 476 2
452 691 6
452 938 3
452 778 3
452 646 6
452 671 3
452 532 2
452 638 3
452 934 7
452 911 3
453 912 10
453 930 4
453 880 7
453 792 3
453 849 4
453 710 8
453 641 2
453 614 8
453 822 1
454 992 8
454 706 7
454 860 3
454 661 6
454 820 8
454 518 10
454 755 8
454 909 8
454 861 2
455 973 9
455 799 7
455 561 4
455 738 8
455 468 9
456 561 5
456 522 2
456 904 3
456 608 7
456 498 5
456 473 2
456 994 1
456 716 3
456 701 9
456 693 1
456 895 9
457 771 7
457 540 6
457 612 10
457 510 1
457 801 6
457 754 3
458 811 7
458 586 1
458 463 5
459 549 5
459 487 10
459 593 7
459 802 5
459 480 10
459 570 2
459 612 6
460 486 2
460 695 7
460 867 6
460 606 8
460 482 9
460 649 4
460 839 5
460 831 5
461 705 6
461 905 4
461 782 4
461 802 8
461 634 5
461 468 6
461 988 1
462 529 9
462 909 1
462 467 9
462 849 6
462 635 7
463 713 2
463 875 10
463 733 5
463 544 7
463 497 1
464 650 1
464 719 1
464 517 2
464 626 1
464 610 2
464 487 9
464 499 9
464 480 2
464 944 2
464 776 3
465 803 9
465 843 7
465 656 8
465 765 8
465 973 3
465 902 5
465 521 1
465 474 8
466 955 9
466 517 8
466 803 8
466 523 1
466 632 8
466 989 9
466 880 5
466 979 5
467 564 2
467 932 10
467 531 3
467 577 2
467 985 4
467 687 6
467 646 1
467 625 1
467 614 4
468 637 4
468 989 1
468 632 9
468 579 6
468 928 3
468 844 3
468 999 8
468 908 4
469 636 5
469 658 1
469 663 9
469 995 6
469 939 10
469 697 2
469 719 2
469 509 1
469 962 4
469 950 10
470 747 2
470 724 1
470 943 6
470 578 3
470 856 8
470 734 7
470 778 4
470 720 2
471 940 3
471 851 7
471 918 9
471 530 5
471 913 6
472 887 2
472 969 1
472 787 8
472 744 8
472 964 5
472 660 5
472 866 6
472 545 9
472 899 1
473 688 2
473 802 7
473 569 4
474 689 8
474 936 5
474 790 7
474 713 8
474 610 1
475 683 6
475 768 10
475 843 8
475 772 4
475 701 4
475 720 10
476 922 1
476 898 10
476 670 10
476 581 1
476 481 3
476 529 6
476 872 6
477 555 2
477 696 10
477 509 9
478 884 7
478 941 8
478 822 10
478 510 4
478 998 5
478 910 3
479 541 7
479 986 6
479 749 8
480 490 2
480 803 7
480 739 8
480 872 7
480 939 10
480 619 3
480 587 7
481 608 3
481 688 7
481 726 9
482 893 10
482 775 4
482 977 4
482 621 3
482 924 1
482 928 5
482 599 6
483 712 5
483 734 8
483 956 8
483 828 6
483 552 9
483 645 4
484 803 2
484 812 6
484 722 4
484 550 10
484 623 1
484 733 1
484 899 1
484 644 5
484 857 5
485 945 6
485 823 6
485 611 5
485 891 5
485 718 2
485 503 2
485 816 2
485 509 8
485 917 10
486 675 5
486 586 1
486 763 6
486 543 10
486 704 2
486 888 4
487 661 3
487 619 8
487 488 6
487 803 4
487 923 6
487 884 5
487 585 8
487 708 10
487 702 4
487 961 8
487 682 1
488 598 5
488 988 2
488 784 7
488 773 3
489 678 2
489 871 6
489 502 6
489 664 6
490 712 9
490 538 7
490 936 7
490 596 1
490 848 8
490 691 9
490 938 10
490 749 6
491 557 7
491 596 9
491 898 7
491 685 8
492 497 7
492 656 9
492 955 6
492 572 4
492 579 7
493 966 3
493 672 6
493 811 8
493 888 7
493 675 3
493 821 8
493 868 4
493 552 9
493 997 7
493 984 4
494 854 4
494 873 6
494 675 5
494 914 7
494 821 10
494 942 2
494 946 6
494 570 10
494 811 7
494 637 7
494 926 3
494 581 1
495 793 9
495 551 10
495 624 1
495 801 8
495 961 10
495 576 3
495 945 8
495 775 7
496 533 8
496 872 6
496 800 1
496 758 10
496 723 7
496 887 9
496 527 10
496 797 2
497 835 4
497 685 4
497 621 8
497 585 1
498 735 1
498 539 9
498 650 8
498 664 1
498 974 8
498 856 10
498 673 8
498 900 9
499 893 8
499 793 1
500 597 8
500 989 4
500 559 10
500 916 8
500 882 6
501 886 8
501 853 3
501 545 8
501 540 6
501 804 5
501 923 6
501 713 1
501 673 8
501 704 6
501 509 7
502 728 9
502 757 1
502 990 4
502 808 9
502 567 10
503 992 1
503 701 10
503 878 2
503 769 2
503 969 7
503 950 5
503 928 2
503 690 2
504 993 3
504 628 5
504 509 1
505 521 9
505 643 2
505 910 4
505 995 7
505 685 9
505 903 1
506 871 4
507 710 7
507 569 7
507 640 5
507 784 5
507 890 6
507 857 1
507 780 6
508 763 9
508 959 2
508 932 6
508 532 5
508 898 4
509 934 5
509 764 9
509 708 9
509 671 4
509 763 3
509 784 8
509 918 10
509 609 2
510 640 3
510 955 6
510 527 5
510 875 8
510 867 10
511 671 5
511 611 1
511 530 8
511 689 1
511 879 10
511 546 5
511 734 9
511 786 6
511 742 5
512 995 1
512 552 5
512 707 5
512 739 1
512 875 8
513 935 7
513 793 8
513 785 1
513 522 1
513 729 9
513 539 3
514 941 5
514 932 9
514 702 2
514 832 2
514 689 4
514 579 6
514 584 3
514 950 7
514 714 3
514 866 6
515 555 10
515 770 6
515 696 4
516 661 7
516 871 1
516 979 2
516 902 6
516 700 10
516 589 8
516 942 8
517 616 9
517 668 7
517 869 5
517 583 7
518 945 10
518 653 5
519 934 2
519 623 7
519 806 4
519 591 9
519 608 3
519 789 1
519 557 9
519 805 8
519 646 3
519 552 9
519 999 5
520 983 5
520 613 10
520 575 5
520 799 3
520 822 6
521 722 1
521 616 5
521 848 4
521 621 7
522 543 1
522 528 5
522 689 10
522 626 9
523 562 10
523 943 6
523 678 5
523 803 2
523 675 1
523 566 8
523 626 6
523 619 5
524 773 1
524 568 6
524 927 3
525 607 2
525 927 10
525 903 4
525 822 7
525 675 1
526 844 7
526 921 9
526 658 5
527 679 8
527 647 6
527 914 1
527 810 6
527 724 7
528 866 10
528 823 7
528 777 4
528 783 6
528 692 6
529 970 1
529 535 8
529 922 8
529 933 3
529 981 5
529 645 3
529 782 4
529 925 9
530 712 8
531 667 5
531 816 2
531 916 5
531 764 8
531 696 3
531 983 7
532 745 6
532 678 10
532 970 3
533 585 3
533 693 8
533 991 8
533 671 2
533 601 8
533 784 4
533 974 2
534 988 1
534 877 1
535 794 5
535 536 1
535 838 5
535 800 8
535 996 1
535 704 2
535 591 7
535 834 5
535 674 2
535 768 10
535 683 2
535 611 9
536 998 10
536 644 6
536 556 7
536 871 7
536 610 9
536 699 2
536 753 10
536 931 3
536 724 2
537 778 10
537 785 4
537 656 9
538 976 1
538 816 1
538 881 6
538 818 1
538 638 2
538 672 7
538 588 9
538 975 9
539 634 10
539 858 3
539 748 4
539 597 6
540 893 2
540 623 2
540 941 8
540 818 3
541 669 10
541 644 1
542 739 5
542 944 6
542 984 3
542 713 2
543 944 3
543 873 7
543 572 5
543 566 4
543 764 10
543 853 8
543 753 3
544 802 8
544 828 9
544 611 1
544 939 4
544 694 6
544 866 7
545 784 1
545 720 10
545 934 1
545 971 1
545 845 4
546 746 7
546 629 10
546 664 9
546 835 6
546 861 1
546 550 1
546 737 10
547 814 8
547 653 10
547 789 10
547 992 3
547 641 3
547 873 4
547 593 1
548 973 3
548 741 8
548 703 5
548 901 1
548 875 9
548 568 8
548 580 3
548 728 9
549 906 4
549 586 1
549 608 3
549 550 2
549 810 5
549 885 8
549 895 9
550 821 7
550 710 7
550 848 10
550 560 7
550 897 2
550 947 2
550 772 4
551 574 2
551 703 2
551 941 8
551 838 9
551 869 9
552 951 6
552 767 1
552 805 1
552 855 6
552 617 6
552 578 7
552 648 8
552 998 3
553 667 9
553 918 9
553 741 9
553 962 10
553 891 6
553 811 2
554 877 8
554 700 9
554 954 6
555 890 1
555 910 9
555 842 5
555 589 9
556 853 1
556 834 2
556 920 6
556 793 1
556 821 8
556 915 4
556 897 2
556 826 8
557 923 10
557 736 5
557 592 2
558 913 1
558 606 10
559 819 7
559 699 4
559 922 3
559 602 3
559 712 10
559 948 5
559 756 1
560 924 9
560 591 8
560 881 7
561 853 1
561 599 3
561 862 2
562 969 7
562 934 7
562 860 8
562 570 5
562 954 4
562 959 9
562 991 10
563 876 1
563 763 10
563 951 10
563 670 4
563 786 2
563 903 6
563 658 10
563 586 6
563 628 4
563 948 10
563 863 5
564 787 3
564 655 10
564 979 7
564 600 9
564 729 2
565 781 7
565 989 5
565 802 5
566 881 3
566 957 9
566 822 6
566 647 4
566 895 7
566 993 1
567 602 1
567 836 7
567 783 1
567 594 3
567 956 7
567 739 7
567 953 9
568 776 3
568 572 9
568 971 6
569 677 8
569 865 3
569 766 10
569 584 1
570 823 9
570 658 4
570 971 3
570 954 10
570 839 8
571 782 6
571 694 9
571 961 5
571 594 5
571 897 1
571 913 3
571 761 3
571 767 9
572 853 1
572 687 5
572 922 6
572 827 7
572 849 10
572 721 4
572 757 8
572 628 5
573 905 9
573 956 10
573 785 10
573 637 3
573 720 1
574 865 7
574 662 7
574 843 4
574 903 1
574 630 2
574 948 7
575 955 4
575 986 1
575 710 2
575 885 6
576 971 7
576 725 8
576 798 10
576 629 10
577 606 4
577 970 10
577 778 2
577 946 6
577 673 7
577 992 5
577 898 3
577 803 1
578 597 8
578 903 3
578 741 9
578 939 9
578 742 2
578 746 1
579 801 5
579 673 3
579 580 10
579 971 10
579 892 1
579 663 1
580 965 1
580 899 5
580 908 10
580 818 3
580 627 7
580 806 8
581 610 9
581 617 5
581 690 5
581 970 4
581 988 4
581 879 10
581 727 6
582 630 4
582 943 4
582 859 1
582 900 8
582 694 3
582 708 9
583 911 4
583 624 7
583 853 9
583 914 3
584 590 1
584 965 9
584 657 10
584 620 6
584 878 2
585 667 8
585 819 1
585 798 4
585 835 1
585 948 1
585 760 7
585 747 3
585 745 7
586 970 8
586 912 7
586 806 2
587 692 3
587 667 4
587 690 5
587 946 5
587 855 6
587 728 4
587 935 9
587 682 4
588 841 8
588 918 2
588 618 5
589 783 10
589 601 6
589 749 10
589 800 7
589 704 3
589 713 7
589 702 3
589 590 10
589 946 9
589 700 9
589 750 8
590 789 4
590 642 6
590 761 5
590 768 7
590 653 3
590 839 6
591 738 8
591 592 10
591 666 8
591 683 3
591 701 9
591 776 1
591 630 7
592 595 4
592 767 1
592 839 1
593 753 2
593 621 5
593 675 1
593 598 9
593 817 4
593 606 7
594 597 7
594 743 3
594 924 1
594 770 1
595 679 1
595 752 2
595 607 1
596 740 7
596 600 6
596 602 7
596 813 10
596 936 5
597 919 1
597 725 5
597 765 3
598 968 3
598 785 8
598 866 7
598 670 8
599 696 1
599 858 4
599 667 10
599 797 3
599 854 6
600 979 8
600 882 6
601 857 4
601 760 1
601 741 8
601 638 5
601 669 7
601 612 6
601 922 4
602 695 3
602 705 2
602 675 7
602 788 6
603 741 4
603 640 10
603 681 5
603 674 1
603 750 9
603 823 2
603 714 1
604 988 6
604 933 7
604 718 6
604 918 7
604 983 6
604 711 10
605 900 3
605 935 7
605 611 7
605 756 7
605 949 10
606 964 2
606 644 2
607 694 4
607 737 4
607 908 2
607 681 8
608 631 1
608 997 4
608 653 2
608 628 5
608 623 6
608 671 9
608 892 7
608 672 2
609 854 3
609 657 10
609 770 1
609 716 4
609 956 2
610 718 2
610 809 5
610 922 4
610 772 5
610 912 10
610 789 5
611 654 5
611 903 7
611 986 10
611 767 2
612 695 1
612 791 10
612 803 4
613 802 9
613 851 2
613 653 1
613 763 1
613 770 8
614 824 8
614 615 3
614 640 6
614 634 8
614 620 3
614 629 4
614 948 10
615 820 9
616 716 8
616 734 7
616 950 8
617 919 5
617 894 2
617 734 5
617 619 9
617 713 2
617 756 3
617 858 3
617 972 3
618 720 3
618 986 8
618 908 6
618 712 5
619 820 6
619 923 1
619 787 2
619 931 5
619 956 5
620 932 5
620 717 3
620 986 1
620 735 4
621 986 6
621 911 10
622 694 1
622 738 3
623 645 5
623 697 4
623 937 7
623 868 8
624 983 9
624 891 10
624 937 10
624 727 9
624 665 9
624 904 9
624 911 8
624 950 3
625 870 5
625 696 5
626 826 2
626 905 5
626 942 8
626 990 8
626 631 7
626 961 8
626 973 5
626 927 9
627 834 3
627 953 5
627 662 5
627 981 8
627 646 8
627 826 6
627 893 5
627 941 5
627 913 6
627 647 9
627 968 9
628 691 5
628 977 5
628 755 9
628 634 8
628 805 2
628 940 2
628 700 6
629 968 7
629 784 1
629 940 7
630 827 10
630 758 8
630 703 2
630 888 8
630 863 3
630 818 7
631 934 8
631 675 8
631 843 2
631 887 5
632 970 10
632 654 8
632 653 10
632 736 1
632 713 1
633 906 1
633 717 8
633 652 3
633 770 1
633 856 6
633 940 1
634 648 8
634 738 4
634 643 1
635 997 10
635 693 6
635 966 8
635 794 1
635 971 7
636 838 6
637 774 2
637 757 10
637 717 3
637 783 6
638 709 7
638 845 6
638 844 2
639 648 8
639 828 5
639 737 7
640 954 3
640 777 1
640 970 6
640 702 3
640 815 6
641 735 4
641 802 5
641 751 9
641 907 8
641 788 6
642 661 1
642 910 1
642 881 6
643 849 6
643 672 7
643 729 1
644 907 3
644 702 9
644 686 8
644 859 2
644 745 2
645 862 10
645 960 8
645 985 2
645 705 8
646 662 2
646 979 6
647 796 3
647 746 10
648 778 3
648 995 4
648 711 5
648 849 3
648 948 1
648 721 10
648 807 9
649 873 7
649 781 3
649 887 5
649 983 1
650 833 7
650 658 4
650 680 6
650 945 5
651 906 3
651 987 5
651 766 7
651 773 5
651 854 3
651 933 4
652 710 10
652 955 6
652 825 9
653 842 9
653 936 6
653 975 3
654 861 5
654 985 2
654 812 3
654 810 1
654 876 4
654 938 2
654 989 5
654 983 2
654 686 3
654 655 8
654 820 7
654 958 8
655 704 2
655 978 2
656 787 7
656 971 3
656 784 7
656 692 2
656 737 8
656 757 7
657 979 4
657 740 1
657 980 5
657 926 5
658 936 2
658 810 7
658 822 1
658 687 10
658 697 7
658 905 10
659 700 3
659 965 6
660 687 7
660 834 4
660 797 10
660 803 7
660 693 10
660 941 1
660 807 7
660 676 10
660 704 6
661 686 6
661 746 1
661 871 8
661 849 10
661 805 8
662 679 5
662 836 5
662 853 5
662 981 1
663 699 5
663 726 3
663 746 2
664 907 1
664 770 9
664 665 9
664 760 7
664 904 3
664 708 7
664 718 5
665 718 8
665 731 3
665 777 9
665 903 8
665 854 4
665 998 7
665 729 10
666 898 8
666 880 10
666 728 3
667 840 8
667 913 9
667 919 4
667 940 8
667 723 8
668 957 8
668 869 5
669 689 5
669 863 6
669 880 3
669 878 4
669 849 8
669 856 10
669 793 5
669 826 2
669 681 3
670 891 10
670 873 7
671 777 4
671 715 8
671 801 2
671 758 8
671 955 9
672 872 3
672 870 5
673 951 7
673 680 10
673 759 10
673 860 4
674 849 1
674 887 7
674 867 8
674 777 6
674 990 2
674 763 5
675 785 9
675 893 9
675 934 4
675 883 6
676 887 10
676 708 1
676 958 7
677 823 1
677 895 10
677 843 9
677 744 8
677 745 7
678 872 9
679 811 4
679 978 10
679 927 4
679 759 2
680 942 7
680 845 3
680 925 7
680 709 10
681 963 10
682 956 2
682 884 10
682 813 3
682 930 3
683 727 6
683 925 7
684 825 9
684 983 2
685 884 6
685 926 3
685 894 8
686 883 10
686 828 10
686 944 8
687 760 8
687 980 6
688 783 10
688 766 10
688 720 10
688 838 6
688 857 3
688 943 4
688 944 4
688 751 4
689 722 9
689 968 4
689 980 6
690 984 10
690 879 8
690 714 3
691 882 6
691 757 7
691 791 9
692 758 5
692 741 3
692 863 3
693 766 9
693 929 7
693 819 7
693 820 5
693 908 2
693 919 7
694 969 9
694 889 9
694 793 3
694 983 9
694 891 1
694 755 9
695 863 4
695 817 9
695 834 10
695 986 10
696 811 10
696 738 4
696 921 3
697 858 3
697 946 2
697 841 2
697 738 4
697 888 1
697 984 7
698 811 3
698 829 4
698 915 9
698 785 6
698 906 9
698 992 6
699 987 8
699 764 2
699 978 8
700 870 3
700 943 1
700 847 10
700 883 3
700 713 3
701 934 7
701 826 8
701 966 10
701 712 10
701 885 4
701 710 6
701 833 10
701 864 5
701 806 8
701 865 10
702 885 1
702 711 8
702 764 2
702 805 10
702 741 8
702 881 8
703 776 10
703 909 1
703 868 8
703 999 3
704 893 7
704 823 10
704 944 8
704 798 9
704 714 1
705 741 3
705 751 5
705 977 9
706 780 4
706 941 10
706 721 10
706 842 2
706 719 2
706 856 1
706 851 1
707 925 2
707 850 4
707 963 10
707 802 7
707 914 5
708 888 7
709 789 2
709 851 6
709 780 3
709 749 6
709 828 2
709 926 9
710 849 3
710 938 5
710 859 4
710 898 8
710 823 2
710 833 4
710 826 6
710 997 5
710 877 7
711 970 7
711 958 5
711 715 3
711 945 10
712 743 5
713 980 2
713 735 1
713 968 8
713 770 6
713 841 5
714 966 2
714 971 4
715 901 4
715 941 7
716 743 6
716 972 7
716 939 4
717 931 2
717 949 2
717 917 3
717 851 1
717 805 4
717 868 8
717 852 9
717 767 3
718 959 1
718 886 1
718 971 4
718 863 2
719 880 2
719 780 1
719 848 2
719 899 2
719 774 9
720 893 7
720 909 6
720 828 10
720 754 1
720 895 7
721 846 9
721 939 2
721 964 1
721 896 9
721 823 5
722 777 8
722 920 7
722 878 5
723 807 9
724 878 6
724 991 10
724 802 2
724 871 10
725 960 7
725 965 2
725 841 4
725 859 8
726 728 8
726 957 10
726 990 6
726 959 1
726 761 7
726 792 8
727 829 4
727 784 4
728 802 3
728 975 4
728 928 5
729 931 3
729 840 7
729 998 6
729 917 10
730 920 5
730 743 4
730 885 7
730 776 1
730 784 5
731 935 3
731 786 7
731 837 1
732 883 2
732 754 9
734 736 6
734 760 8
735 897 9
735 765 3
735 882 8
735 750 1
735 937 4
736 962 9
736 913 4
736 778 9
736 899 6
737 921 1
738 773 6
738 886 2
738 906 5
738 806 2
739 896 1
740 756 6
742 920 2
742 896 1
742 987 4
743 925 1
743 845 2
744 962 7
744 932 8
744 996 6
745 775 8
745 864 3
745 825 2
746 907 7
746 799 3
747 773 2
747 963 4
747 976 10
747 947 10
748 802 1
748 845 10
748 825 10
748 834 8
748 827 6
749 971 6
749 753 4
750 814 8
750 867 1
750 899 6
750 894 4
751 862 8
751 787 5
752 830 7
752 765 3
752 933 8
752 789 9
752 844 5
753 815 2
753 868 2
753 954 8
754 759 9
754 957 4
755 830 6
755 869 9
755 825 6
755 828 1
755 961 3
756 917 2
756 969 3
756 904 3
756 982 8
757 862 7
757 773 4
757 953 1
759 999 10
759 766 6
759 929 8
760 972 1
760 791 2
760 950 7
761 882 2
761 997 8
761 963 3
762 796 4
762 892 7
762 771 5
763 997 10
763 774 7
763 956 4
764 900 10
764 772 2
764 971 6
764 964 7
765 997 4
765 915 9
766 844 4
766 770 10
766 959 8
766 850 4
766 907 3
766 840 6
767 820 1
768 914 2
768 985 6
768 804 10
768 863 5
768 879 6
769 958 9
769 871 10
770 889 8
770 840 8
770 990 6
770 944 3
771 948 7
771 895 8
772 989 1
772 884 7
772 966 7
773 972 6
773 782 10
773 839 1
773 936 10
774 781 7
774 987 2
774 994 2
775 972 7
776 987 7
776 911 3
776 868 3
777 908 6
778 833 7
778 815 2
779 823 4
779 859 10
779 792 3
779 857 1
779 883 3
781 980 4
781 970 6
781 841 9
781 934 7
781 798 7
781 993 10
781 802 7
782 970 1
782 937 6
782 992 8
782 921 9
783 948 3
784 796 5
784 970 10
784 897 9
785 997 1
785 840 9
785 958 3
786 863 5
786 989 3
787 808 9
787 984 4
788 881 10
788 926 9
788 798 2
788 987 4
788 841 10
788 890 5
788 865 5
789 921 5
789 871 1
789 998 7
789 962 10
790 888 4
790 913 10
790 912 7
791 993 10
791 808 6
791 974 9
791 977 4
791 794 6
791 979 3
791 811 10
792 992 8
792 889 5
792 832 2
792 865 8
792 839 5
793 861 9
794 876 9
794 818 9
794 966 8
794 995 6
794 831 7
794 984 1
795 964 4
797 976 2
797 850 2
797 830 3
798 848 3
798 837 7
799 980 10
799 882 1
799 894 4
799 990 5
799 889 10
799 831 6
800 992 6
801 953 1
801 842 5
801 885 3
801 846 1
802 948 3
802 930 2
802 919 8
802 871 5
804 836 9
804 818 5
806 810 6
806 894 5
807 808 5
807 884 4
807 908 6
807 999 4
807 881 1
807 915 6
808 813 9
808 892 2
808 820 5
809 991 8
810 977 6
810 939 10
810 929 6
810 998 6
810 867 4
812 977 7
812 837 3
812 832 9
812 987 5
813 901 7
813 935 3
814 840 3
814 956 7
814 868 4
814 887 4
814 918 7
815 955 5
815 817 4
815 937 5
816 866 2
816 869 4
816 949 2
817 983 5
817 829 3
818 892 10
818 866 1
819 882 1
819 830 3
819 987 10
819 931 4
821 864 6
821 829 2
821 832 1
821 892 1
821 861 5
822 841 3
822 990 4
823 980 10
823 920 3
823 882 6
823 953 3
824 965 8
824 877 4
824 913 5
824 911 3
825 947 6
825 990 2
825 987 2
826 851 8
826 936 6
827 882 8
827 950 4
828 890 8
828 988 7
828 943 10
829 930 7
829 902 9
830 935 3
830 920 5
830 855 3
831 916 8
831 940 7
834 911 5
835 938 7
835 843 9
835 986 10
836 882 9
836 888 10
837 967 7
838 974 8
838 981 9
841 965 9
841 915 5
841 960 9
844 935 7
845 920 7
846 859 9
846 879 6
846 898 8
848 912 9
849 939 2
849 867 1
850 928 7
850 920 5
851 974 5
852 925 6
852 911 4
852 889 9
854 869 5
854 988 10
855 976 5
855 925 1
855 877 8
855 919 10
855 960 2
855 915 5
856 881 9
856 926 6
858 901 6
859 957 7
859 900 5
863 989 7
863 946 10
864 979 4
865 990 6
865 918 6
866 990 6
868 939 3
868 971 4
869 914 3
869 928 10
870 959 3
870 951 3
872 952 9
873 913 10
874 924 10
875 884 1
877 901 10
878 997 10
878 975 6
878 951 10
880 931 7
881 995 2
881 891 9
881 936 1
881 917 10
882 963 5
883 961 4
884 994 10
886 923 8
887 958 9
888 937 3
890 933 5
890 939 9
890 942 5
892 982 5
893 985 3
895 945 1
895 955 3
897 994 6
899 961 2
899 901 8
900 910 9
902 919 4
903 957 9
904 967 8
904 958 6
904 963 7
905 965 2
905 913 2
906 953 2
909 938 4
910 951 9
911 960 3
913 947 7
915 960 8
916 945 2
918 960 4
919 964 5
919 993 1
922 982 4
927 929 2
928 987 6
928 963 4
928 970 6
928 944 9
929 996 7
930 999 2
931 962 1
931 952 5
931 968 8
932 969 6
932 943 5
933 991 4
936 988 2
940 965 8
941 956 3
943 952 7
944 996 8
944 997 10
947 952 2
953 983 9
953 992 7
961 974 4
963 970 6
